10
0
4
0
2510
0
0
2840,1
-3.48
-0.72
6.70
3.23
-12.76
-14.17
12.76
4.17
3.92
-13.67
-5.84
0.20
-0.11
-17.58
-1.21
1.69
19.81
3.47
-18.08
-2.11
-3.65
-0.47
5.20
6.76
-1.37
17.72
-12.95
-1.63
3.65
3.50
12.37
-0.27
-13.12
6.89
17.63
-6.83
-19.12
-6.54
9.73
12.21
0.02
0.56
-1.16
-0.95
11.78
0.95
-0.55
-0.07
0.24
-0.35
0.40
-2.60
2.41
-0.72
0.97
1.21
-0.47
-1.64
0.08
1.65
-1.77
0.59
0.44
1.91
3.46
0.88
-3.01
-0.26
-0.24
3.52
-0.81
0.23
-0.45
-4.04
-2.78
2.01
0.80
-0.93
-1.73
-3.71
-0.13
1.20
-1.08
-3.53
-1.28
-2.09
0.93
1.80
-0.17
-1.71
-1.14
1.10
0.48
-2.96
1.94
2.78
-0.09
0.36
3.63
4.86
-1.01
-1.97
-0.33
0.63
-3.62
-2.05
-0.60
0.71
-2.03
2.29
2.58
-1.83
3.14
1.72
2.77
-1.59
5.46
2.92
-1.41
0.57
-0.54
0.98
-0.96
-0.73
-2.68
0.49
-0.76
-0.26
-0.39
-0.94
-0.56
0.13
0.01
-0.86
-0.89
-0.39
-1.05
0.75
-0.84
-0.12
-0.21
-0.28
0.31
0.13
0.17
0.21
-0.57
0.16
0.93
0.33
-0.92
-0.81
0.16
-0.22
-0.44
0.24
-1.21
-0.20
1.12
0.52
-0.13
-0.66
-0.34
1.12
-0.34
0.02
0.73
-0.19
-0.05
-0.55
0.46
-0.02
0.11
-0.33
-1.17
-0.27
0.92
-0.81
-1.19
0.31
1.17
-1.09
-0.10
-0.31
0.49
-0.61
1.16
-0.86
0.30
0.40
0.85
-0.24
-1.20
1.06
-0.71
0.33
0.70
-0.01
0.98
-0.36
-0.60
0.12
2.52
-3.36
0.42
-0.72
-0.64
-0.78
-0.11
-0.67
0.56
-0.38
1.45
-0.20
-0.50
-1.62
-0.54
-0.86
0.03
-1.22
5.80
1.87
1.60
0.16
3.69
-0.64
1.73
-1.06
-2.96
-1.09
3.56
4.95
-1.24
1.87
-0.79
-2.08
-1.63
5.42
-1.94
1.17
0.86
0.99
-1.13
-4.08
-0.47
3.36
0.74
2.73
0.70
-4.33
1.21
1.27
0.22
0.36
1.53
-0.29
0.52
1.13
-1.48
0.98
-2.08
1.62
-4.76
3.63
-2.48
-3.91
-0.65
-0.40
0.53
-0.30
-0.19
-0.10
-0.38
0.78
0.88
2.75
-0.89
1.68
-1.50
-0.88
1.27
-1.08
0.00
2.25
4.26
0.96
-0.03
-0.07
-1.32
0.88
-0.85
-2.62
0.33
0.30
-2.24
0.90
1.38
-0.75
1.27
-0.02
0.65
1.47
4.54
-1.57
-1.58
2.28
0.23
-3.50
-0.61
-2.59
1.68
1.84
-1.23
2.76
-1.50
-1.32
-4.26
1.16
0.02
-0.60
-2.16
-1.06
-5.56
0.56
-2.43
3.75
-1.03
-2.65
-4.08
-0.99
0.92
0.17
0.85
1.09
-1.28
1.42
0.94
-1.57
-1.81
-0.61
2.66
-0.28
-4.85
-0.86
-1.63
-1.46
0.72
2.77
1.69
0.08
-1.72
0.25
-1.03
0.86
0.20
-2.62
-3.56
1.80
-2.55
-0.95
1.60
0.46
0.02
1.11
-3.23
0.87
-0.57
0.27
-0.98
0.70
0.13
-0.11
0.83
0.55
-0.51
0.06
1.09
-0.23
0.70
0.44
-0.87
-1.25
-1.11
2.27
-2.62
5.79
-3.49
0.01
-2.90
4.71
2.28
1.20
-1.11
-1.09
0.17
2.67
3.76
0.82
2.51
3.19
0.69
0.31
-0.95
-1.36
2.76
1.34
0.34
2.54
-1.16
2.01
1.10
0.79
0.19
0.84
-0.64
0.59
0.31
0.62
-0.51
0.19
0.34
-0.31
2.57
1.55
3.69
-0.07
-0.59
-1.06
0.83
-1.35
-0.23
1.94
-0.70
0.77
0.24
0.00
-2.38
3.67
1.13
-0.27
0.02
-0.54
0.40
0.22
-4.68
-0.48
-0.10
0.39
0.93
-0.31
0.07
-1.64
-1.05
-0.25
-0.29
-0.61
0.19
0.80
-1.11
0.63
-3.17
-0.09
-0.23
-3.89
-1.96
-1.06
0.72
-4.84
1.52
-3.03
0.36
1.80
-2.54
-5.30
-0.51
-1.76
3.00
1.53
-1.26
-1.71
1.28
-5.15
1.57
-0.60
-1.73
-0.17
-0.52
-7.73
1.63
-0.08
-1.18
-0.29
-0.62
-1.46
-0.87
-0.64
0.31
0.30
0.96
-1.04
0.39
-0.28
4.80
-3.74
-1.40
-1.39
-0.76
-1.09
-0.84
-0.36
-0.59
4.07
-3.06
1.69
1.40
4.35
-0.38
-1.79
6.24
5.42
-3.21
0.76
-6.91
-4.58
5.13
0.76
0.98
0.94
0.99
0.72
-0.02
1.18
-5.18
3.29
-2.77
-0.87
-2.14
0.32
-0.88
-1.94
5.29
-2.41
-0.63
-0.14
-7.18
-3.36
0.35
-0.14
10.33
1.93
-3.60
-5.60
3.68
5.27
1.39
5.67
5.46
0.31
-2.82
2.66
-6.61
-2.58
-1.61
-1.23
-0.66
-2.59
-1.27
-1.54
3.65
7.14
-1.46
-0.88
-4.07
-2.91
-3.83
-5.61
-7.35
-0.83
4.81
-2.25
-3.21
-3.67
-1.93
5.62
-1.63
5.17
-1.46
3.50
3.25
-3.17
-0.92
2.19
8.20
0.45
0.60
4.24
2.17
3.48
0.20
-4.04
0.36
-0.26
-1.03
-0.03
-8.26
0.25
0.24
0.76
-0.22
-0.56
1.62
1.25
-0.87
0.19
1.51
-0.26
0.12
-0.24
0.04
0.79
-2.01
-1.25
-0.80
-1.56
0.26
-3.48
-3.85
-0.47
-0.93
-0.85
0.40
-2.44
-4.20
4.80
0.40
-1.90
-1.72
-3.17
0.98
-0.41
0.68
3.90
2.02
0.06
-0.85
1.80
1.33
3.97
0.80
0.13
-1.38
1.10
2.53
-1.76
1.00
2.05
1.57
-0.51
0.55
3.30
-0.08
0.10
4.58
-1.06
-0.71
2.82
5.30
-1.08
-1.52
1.12
-1.51
-3.23
1.37
-2.39
-0.96
-0.28
-2.89
-4.43
0.53
0.65
-3.19
0.48
2.38
2.93
3.45
-0.53
-0.59
0.44
0.32
-0.55
-0.69
3.35
-0.36
-3.31
0.12
0.65
0.59
0.13
-0.40
-0.36
3.26
-2.23
-4.69
-2.09
-0.61
-4.47
1.25
6.87
-1.83
0.97
0.44
-3.35
1.82
-1.73
-6.75
-1.63
0.49
1.49
-0.69
1.15
-0.79
-2.85
6.72
-1.04
0.63
-3.06
-2.93
-5.26
3.88
-6.39
-0.59
2.22
-3.19
-0.45
3.03
-2.84
-0.79
4.33
1.02
-5.71
-4.98
4.50
1.92
0.19
0.27
8.31
-2.93
-3.42
-3.77
0.55
3.82
0.22
-2.55
-2.12
-0.54
3.85
-0.43
-2.79
3.60
4.35
1.58
-0.25
4.35
2.95
-7.92
-0.38
1.00
-0.29
-1.07
-0.36
0.34
0.63
1.21
0.66
2.32
0.64
-0.47
-0.42
-1.22
1.14
-7.56
4.20
0.74
6.67
4.25
3.73
4.26
1.87
-1.21
-2.26
-3.91
-2.40
4.00
-1.23
6.03
-0.74
-3.45
-6.26
6.28
-4.62
7.04
5.37
-0.84
9.62
5.50
-3.84
0.89
6.15
-4.80
5.69
0.88
-1.67
1.01
2.53
-2.02
2.21
2.52
-3.69
-5.96
0.93
7.77
0.88
-1.53
-1.79
9.62
-7.23
2.83
-1.22
3.33
2.23
-0.60
-4.76
-4.83
-4.54
-3.83
-10.94
1.02
-5.26
-7.29
-3.29
0.65
-0.04
0.33
-2.20
1.41
-0.50
-0.39
-0.82
-0.24
-0.20
0.77
-3.02
1.78
-0.74
0.90
1.21
0.15
-1.27
-1.36
-0.40
-0.45
-0.35
0.86
-0.59
0.78
-0.07
-1.70
-0.34
-0.95
2.55
-3.67
2.85
-1.54
-1.23
0.53
0.89
-2.56
0.48
-1.88
-2.09
-2.68
1.61
-0.74
3.71
-1.34
-1.84
-1.02
-0.06
0.31
2.11
0.36
-0.13
1.24
-1.46
0.79
2.30
-0.37
-0.39
1.26
2.73
-0.51
-0.84
-1.73
-2.45
-4.41
0.19
2.18
4.93
0.45
2.83
0.95
3.72
-0.87
2.24
2.12
-2.30
2.72
7.70
-3.63
-2.36
0.33
-0.14
-0.22
-0.62
-3.62
-0.34
-0.42
-0.88
0.06
0.64
0.06
0.57
0.23
0.87
-0.23
1.39
-0.44
-0.78
-0.30
-0.76
-0.92
0.07
1.03
-0.53
-0.72
0.45
0.45
-0.08
0.64
-0.43
-0.39
0.11
0.10
-0.95
0.20
-0.40
-0.86
-0.60
-0.43
-0.59
0.95
0.62
1.02
-0.39
0.70
-0.08
0.00
-0.55
0.49
0.32
-0.71
-0.40
-0.12
-0.92
-0.22
0.61
0.86
-0.95
-0.39
0.11
0.68
-0.04
-1.48
-0.83
-0.96
0.70
-0.01
0.18
-1.23
0.00
0.54
-0.87
-0.28
0.12
-0.43
0.30
-0.21
1.06
0.49
1.10
-0.14
0.59
-1.80
-3.27
-4.03
-0.69
0.56
0.97
0.16
-1.06
0.14
-1.26
0.31
-0.14
0.81
-2.08
0.95
-0.78
0.42
0.75
3.64
0.68
2.28
-1.35
3.00
1.57
1.01
0.98
-1.22
-2.47
-0.18
2.32
4.34
1.60
1.12
-3.76
-6.11
3.36
-5.13
-0.48
1.59
1.02
-0.47
-2.26
-2.60
0.04
1.79
3.07
2.46
-1.41
-0.35
0.79
0.33
-0.12
1.87
1.00
0.26
2.01
0.07
0.10
-2.28
0.69
-6.11
3.46
-2.96
-3.68
0.22
-2.61
-0.92
-0.02
-0.93
-0.24
-0.74
-0.20
1.71
0.23
1.37
1.02
-0.55
0.89
1.68
0.49
-0.55
-1.93
2.36
0.53
-0.23
0.54
-1.16
-0.20
0.32
-1.46
-0.33
0.69
-0.41
0.68
-0.46
-0.72
1.05
-0.63
1.64
-0.28
3.09
-2.45
-1.51
0.01
-2.47
-2.87
-1.31
-1.87
2.27
-2.16
-0.37
1.94
-2.64
-5.55
-2.45
-1.60
1.81
0.37
-2.27
-0.85
-4.11
-1.46
0.05
5.08
-0.06
-0.52
-1.01
-2.76
0.39
0.31
1.30
0.94
-0.74
0.28
0.36
-1.12
-0.77
0.36
3.49
-1.20
-3.40
-0.85
-2.65
-2.83
-0.35
1.16
-1.42
0.20
-0.99
-1.48
-2.25
0.40
1.07
1.42
-0.41
0.38
-1.01
-1.31
0.45
-0.77
-2.03
2.11
-3.15
0.15
-0.58
-0.89
-0.44
0.87
-0.04
0.56
0.41
-0.99
0.40
-0.55
-0.65
0.67
1.46
-0.09
-1.25
-4.21
-0.49
1.82
0.20
2.83
-2.20
-0.10
-2.05
1.51
1.81
0.68
-3.47
-6.55
1.41
3.45
3.58
0.22
3.73
4.97
2.25
-2.08
-1.03
-8.29
3.17
4.58
1.31
-1.23
-0.13
-4.85
1.00
0.82
0.72
0.37
0.07
1.84
0.22
-0.42
-0.97
0.14
1.68
0.55
1.23
-1.56
3.10
1.09
-1.08
-0.31
1.63
-2.07
-1.26
-0.99
-1.21
-0.60
0.01
-0.20
-2.55
0.09
0.28
-1.02
-0.08
-0.55
1.47
-0.56
-0.86
-0.58
0.70
-0.44
0.77
-0.03
1.02
0.44
-1.67
1.62
0.70
2.16
0.57
-0.84
-0.24
0.96
-3.07
-1.68
-2.42
-0.99
-0.93
0.52
4.20
-1.95
2.77
-6.35
0.30
0.54
4.50
-1.24
2.22
-3.58
3.47
0.06
5.93
-0.63
0.53
-1.31
3.17
0.31
3.62
0.97
-0.73
-0.55
2.30
3.13
-1.33
0.79
1.22
-1.94
-0.10
1.56
0.80
0.40
0.63
1.06
-0.99
-0.88
3.20
0.58
-2.17
-2.15
-2.42
-4.18
-1.43
0.23
-0.92
1.28
0.47
0.17
0.58
1.70
-0.69
-0.57
5.37
3.55
-3.35
0.47
0.15
-3.14
6.01
-0.21
-0.82
-0.91
-0.07
1.12
0.36
-3.43
-1.33
-1.03
-3.78
-1.40
-0.04
0.65
-0.67
-1.20
3.15
11.78
-1.57
-3.88
-1.52
-3.31
-0.02
3.49
-6.26
-5.81
0.02
-3.17
0.16
1.14
-5.98
-0.42
3.54
4.97
-4.71
-0.88
1.25
-1.16
1.62
5.88
3.03
-3.19
1.83
-2.98
3.37
1.07
1.87
-2.23
-1.19
1.63
-3.85
-3.25
-3.83
-0.02
-1.74
-3.04
1.50
3.17
3.71
-3.72
7.58
-4.56
3.56
3.58
0.60
-3.12
3.00
-1.98
0.83
3.88
1.45
-1.23
5.93
-1.10
-1.02
0.59
0.30
-0.38
-0.20
-0.37
-13.94
0.32
-0.15
0.13
0.20
0.07
0.24
-0.71
-0.39
-0.53
1.45
0.46
0.62
0.55
1.09
1.23
0.02
-3.52
0.00
-0.40
-0.17
-1.64
-5.05
-0.76
-1.29
2.35
0.44
-0.08
-4.16
-0.10
2.19
-2.35
-2.06
1.70
1.04
-0.20
0.85
0.82
2.45
-1.80
-0.41
-0.48
-2.32
1.85
1.42
-0.79
-0.05
2.17
1.75
-0.74
1.53
1.92
2.15
1.22
-0.92
2.88
-2.03
1.40
7.08
1.30
1.23
4.52
7.33
0.67
0.69
1.39
-1.59
-3.26
2.48
-1.92
0.24
-0.98
-1.29
-4.93
-1.07
0.42
-2.20
-0.19
2.67
-1.81
5.77
0.62
0.84
-0.72
-0.40
1.12
0.38
3.60
1.39
-1.52
-3.98
-0.88
-1.79
-0.88
-0.08
-0.14
-0.15
-1.60
3.66
5.87
-2.67
-4.89
2.25
5.28
4.22
6.20
1.65
-1.87
2.44
-2.14
7.55
1.79
5.61
3.07
-0.72
1.65
4.14
-4.27
-4.09
2.50
-4.23
-0.77
3.66
2.15
-3.84
-0.13
-1.07
-1.93
-1.36
-0.76
-0.37
-3.48
-1.10
-0.38
2.48
-7.75
-1.54
0.34
-2.53
0.99
1.30
5.53
2.02
-2.15
-2.39
0.98
-2.19
0.87
-3.44
-1.23
-7.97
-1.23
-2.68
-2.69
-0.50
0.01
4.33
0.98
-2.31
8.72
7.67
0.88
-0.63
0.53
-0.52
-2.43
-0.40
2.83
-1.70
4.20
5.91
-0.84
-0.78
-0.81
-0.19
-1.29
-1.68
-3.67
-6.00
0.87
1.39
2.42
5.28
-4.65
5.69
2.15
-4.42
-0.99
0.27
8.87
-5.46
5.82
-0.65
-11.66
-0.24
-0.24
-4.72
3.86
2.18
0.42
-3.32
-4.55
-3.71
-2.37
-5.83
3.27
-0.88
0.27
-0.70
-1.31
1.87
0.24
-1.78
0.27
-1.60
3.23
0.44
-3.32
0.07
3.78
-0.85
0.38
-8.86
-2.53
3.20
-0.44
0.00
0.05
3.24
-4.24
0.95
3.21
0.16
-0.48
1.37
-1.95
-1.82
0.45
-1.25
-3.08
-1.41
0.56
-0.63
-0.11
-0.31
-0.88
0.41
-1.87
1.00
-1.04
-0.61
0.35
0.84
0.79
1.12
-0.34
-1.63
2.64
1.17
-0.11
-0.30
0.46
0.38
-0.70
0.27
1.26
-1.93
1.92
-2.99
-1.94
-1.30
1.83
-1.75
-0.69
0.91
0.47
-2.78
2.66
-0.08
0.96
0.02
-1.35
-1.28
0.87
1.01
1.40
-0.47
1.21
0.35
-1.27
2.05
0.85
-0.36
1.05
2.19
3.15
-3.21
0.73
1.21
-1.07
-3.36
-0.12
-0.86
-2.99
1.83
3.13
-0.51
1.40
1.01
0.31
0.93
-1.36
0.06
3.64
0.50
-1.48
0.66
-0.07
-0.62
-0.68
-2.32
0.02
0.90
0.66
0.13
0.33
0.56
1.09
-0.37
0.69
-0.23
1.08
0.59
0.56
-1.22
0.20
-1.25
0.00
-1.23
-0.08
-0.04
0.41
-0.35
-0.03
-1.12
-0.77
0.08
-0.87
0.41
-1.03
-1.17
-0.39
-0.44
-0.14
-0.10
-0.17
-0.84
0.85
-0.03
-0.02
1.25
0.51
-0.15
0.31
0.53
-0.67
-1.48
-0.29
0.88
-1.69
0.34
0.29
0.41
-2.01
0.02
0.61
0.03
-1.59
0.38
-0.01
-0.63
-0.62
0.16
-0.43
-0.48
0.55
-0.09
0.38
0.21
0.66
-1.41
0.15
-0.76
0.56
0.73
0.51
0.28
0.34
-0.32
-3.26
-3.90
-0.71
-0.33
-0.09
-0.63
0.04
-0.40
-0.99
1.86
-1.14
-0.13
-1.85
0.65
1.08
-0.21
-0.40
4.18
1.43
2.36
-0.71
2.81
1.15
1.52
1.30
0.16
-0.83
0.30
2.36
-0.90
-0.15
0.12
-2.55
-1.06
0.15
-0.66
-2.35
-1.58
0.03
-3.63
-2.18
-1.74
0.89
0.93
1.34
0.44
-0.81
-0.77
1.11
-0.66
1.28
0.93
-0.42
-0.42
1.42
-0.51
2.32
-1.71
1.74
-4.72
3.97
-0.60
-0.16
-0.45
-0.91
0.76
0.45
0.73
-2.17
0.54
0.65
2.00
0.10
0.17
-0.58
0.57
2.06
0.52
-1.14
1.02
2.62
2.11
0.28
0.11
-0.10
0.13
1.20
-0.43
-1.77
0.98
-0.85
-1.05
-0.06
-0.20
-0.27
0.14
0.92
1.29
0.71
2.76
-1.14
-0.49
-0.96
-1.26
-3.22
0.12
1.45
0.12
-0.42
-2.79
0.28
-0.44
-2.07
-5.29
1.40
1.67
-1.96
-0.26
-0.32
-4.33
-6.05
-1.55
-0.08
0.08
-0.54
-0.15
-5.20
-0.13
1.25
-0.27
0.33
-0.35
1.84
2.14
0.79
0.49
1.95
1.70
1.49
-2.03
-2.38
-1.67
-2.56
-3.50
0.30
-2.13
-0.19
-0.92
-0.53
-2.68
0.70
2.79
1.60
0.01
0.12
-0.64
-1.30
0.87
0.06
-1.06
2.47
1.07
0.89
0.31
-0.03
0.50
0.49
0.03
0.61
-0.82
1.30
-0.28
1.26
-0.88
-0.41
-0.34
0.31
-0.43
-0.51
1.57
1.59
0.08
0.74
-0.41
-1.49
-0.20
0.08
5.22
0.02
3.50
-0.82
-1.04
-0.76
3.88
0.90
0.09
0.13
-4.32
0.90
3.91
0.37
1.60
-0.03
-2.41
0.54
4.90
-0.51
0.16
-0.86
1.37
-0.32
-1.75
0.38
-0.45
-3.01
-0.52
0.07
2.29
-1.18
0.62
-0.82
-0.32
0.85
-3.23
-0.64
-0.44
-1.46
-1.26
-1.48
-0.12
1.71
1.16
-1.48
0.39
-0.15
1.29
-0.17
0.77
-0.21
0.27
-2.40
1.47
0.10
-0.88
-0.48
0.24
-0.88
0.76
1.38
-0.29
0.88
-0.15
0.87
-0.13
-0.10
-0.49
-0.42
-2.84
-1.36
-2.51
-1.22
-1.40
2.08
6.36
-1.46
1.76
-8.03
0.78
2.49
4.83
-2.68
1.94
-3.52
0.84
5.77
3.26
0.98
-0.77
-0.82
2.98
5.60
4.33
2.90
0.67
-2.21
0.37
7.55
0.02
-0.19
-0.68
-1.62
-1.13
0.04
-0.82
0.73
1.14
-0.18
-0.85
-0.68
1.90
-3.11
-3.42
-1.56
0.30
-3.25
0.24
-1.14
-0.50
2.33
0.62
2.42
1.87
2.66
-0.97
4.41
5.89
-0.54
-2.01
0.54
-7.24
0.23
1.52
0.50
0.96
0.63
1.34
2.37
1.24
1.65
-2.00
-1.94
-6.93
1.68
1.01
2.33
-0.96
0.83
2.56
3.02
-1.78
0.47
5.89
-10.04
-5.97
-2.31
1.69
-3.67
-4.16
-3.13
-5.39
-0.55
1.76
5.47
-3.63
-1.86
-1.08
0.93
6.50
0.53
-4.07
9.17
3.90
-3.76
1.70
-3.00
1.84
3.02
1.61
-3.16
-0.60
3.58
-3.24
0.00
-1.83
-2.41
-3.59
1.97
6.45
4.08
9.34
-5.59
12.46
0.45
-2.62
6.26
2.52
3.42
-0.74
-4.22
2.67
2.31
-6.43
-4.18
-3.03
-2.91
-3.16
-2.75
-0.92
0.82
0.10
-0.75
-3.62
-0.40
0.18
0.52
0.94
-0.66
0.82
-0.36
-0.61
0.08
0.31
0.40
0.23
-0.11
0.29
0.73
-1.11
0.58
1.70
0.41
0.08
0.05
-3.12
1.70
-2.60
-0.46
-0.91
-0.10
-3.24
0.42
-1.63
-0.13
1.02
2.13
-1.72
-0.68
0.64
-0.70
1.60
1.18
-1.21
-0.71
0.86
1.19
0.34
0.13
-0.82
1.91
1.79
0.29
3.65
1.68
1.85
1.85
0.87
3.48
-2.26
1.21
3.01
4.20
2.85
1.89
-0.08
-2.93
-0.27
1.80
0.49
-1.12
0.75
-1.50
1.11
-2.03
0.41
-1.77
-0.18
-0.83
-1.57
1.12
5.39
-3.12
0.42
0.47
0.65
-0.50
-1.51
-1.05
0.40
0.74
1.03
0.26
-0.50
-2.04
-1.14
-0.77
-1.14
-1.38
1.09
1.55
6.28
4.01
-6.52
2.96
2.92
3.48
5.10
7.90
-2.35
0.03
-0.96
-1.70
2.13
5.15
7.94
3.55
-3.41
1.46
3.80
-1.93
-4.77
-0.79
-4.90
3.22
0.51
2.13
-3.47
2.01
0.90
-2.75
-2.79
0.49
-2.12
-3.38
-0.07
-2.11
-0.03
-8.42
-1.53
0.77
-8.73
3.61
-5.36
-1.25
1.58
0.21
-3.01
-3.82
3.04
-1.22
-1.16
0.69
-3.27
3.62
-0.58
-3.11
-2.24
-0.82
4.43
-0.35
3.23
7.27
5.64
-0.70
0.91
0.72
-1.45
-1.11
-1.24
0.52
-1.81
2.92
6.14
-1.48
-1.56
-0.74
-0.99
-0.87
-2.42
-5.08
-9.80
-2.72
-1.58
2.67
1.21
-0.37
-5.01
2.22
3.07
-2.93
4.22
9.92
-1.68
-1.36
-0.76
-6.35
-0.07
1.33
-3.68
-0.15
5.58
-8.56
-1.51
-1.86
0.99
-1.05
-7.71
-8.82
-1.84
1.30
-0.30
-1.36
1.67
-1.67
-1.21
1.03
0.46
-1.55
-2.43
-3.82
1.81
0.38
-1.44
2.54
7.54
3.64
1.31
-3.01
1.17
5.67
-1.08
-5.37
-0.05
-2.12
2.61
-1.58
-0.19
3.73
12.79
0.79
-0.21
0.19
-0.51
-0.55
-2.13
-0.73
-1.17
-0.47
0.09
0.16
-0.12
-0.89
0.52
0.84
-0.08
0.44
0.64
0.40
-0.39
-0.12
-1.96
4.89
-0.60
-0.22
6.58
0.33
-1.26
0.12
-0.19
-0.76
3.98
7.60
1.48
-1.87
-15.47
2.45
-1.44
-0.75
0.41
0.19
-0.95
-0.44
-2.46
0.27
-3.76
-0.91
-2.93
-1.02
-0.03
0.71
1.65
-1.68
-0.41
-8.59
-3.35
-0.08
-0.33
0.60
-13.96
-0.45
1.90
-5.05
-7.04
-2.68
-9.10
-1.72
-30.40
9.30
-0.87
-0.89
-0.47
-0.22
-0.37
0.81
6.62
-2.03
-1.14
-0.03
-0.11
0.66
-1.45
-1.26
-1.01
-1.10
-4.03
0.21
14.04
1.47
1.21
0.81
-0.36
-1.10
0.36
-0.90
-4.16
-1.00
-5.22
-2.71
-5.65
0.44
-0.58
-0.55
1.34
0.08
-3.52
0.82
-1.89
3.57
-0.22
0.19
-0.83
0.51
0.31
-0.88
0.36
-0.28
0.10
-0.05
0.55
0.82
11.33
-3.07
-0.66
-0.96
-9.02
-1.49
-0.93
-0.56
-0.55
-0.23
-3.15
-4.74
-0.19
1.21
-6.83
-0.96
-0.75
6.37
-0.72
-0.69
0.36
-1.21
-8.35
-0.19
11.96
0.32
-0.61
-0.83
-0.67
-0.25
-1.39
0.29
1.26
2.20
3.14
-0.16
-1.12
-0.98
10.52
-0.59
-2.90
-8.93
10.36
3.70
-16.52
6.14
3.92
13.59
0.20
-0.80
-0.20
-1.35
-0.24
-0.47
-8.47
5.36
0.96
-1.18
-0.08
-0.64
0.30
-2.90
0.61
-0.85
-5.36
-1.36
-10.26
-0.23
-9.93
-0.46
0.53
1.19
1.56
-0.90
-14.23
0.22
-2.34
23.06
-2.51
-0.53
0.92
0.79
-0.17
-0.40
1.52
1.41
1.64
-0.77
0.47
-0.29
-0.32
-0.47
0.20
-0.78
0.46
0.54
0.05
-0.61
0.86
0.85
2.56
-1.69
0.43
-0.60
2.70
0.01
1.62
-0.39
0.08
-0.80
-0.96
1.86
0.37
1.48
19.01
-1.06
3.20
-3.43
-0.45
-0.23
0.77
0.13
0.61
0.20
-0.73
-0.60
0.02
-0.52
0.17
-0.41
0.27
2.51
0.16
10.81
2.01
-0.90
1.60
0.19
-2.21
-0.90
3.23
3.27
-1.19
4.16
16.45
-0.01
16.41
-3.70
0.80
-0.58
0.68
0.34
0.64
0.17
1.54
-1.41
0.32
0.58
2.17
-0.93
-0.21
3.96
2.22
1.09
-21.55
-0.80
19.75
-3.86
-3.38
0.52
-0.77
1.54
-0.45
0.60
9.52
-1.37
7.20
-9.58
-3.61
-0.96
0.20
0.50
-0.44
-0.05
0.64
-0.87
3.47
-3.52
-0.86
0.53
-0.83
-0.78
0.41
-0.92
0.40
0.11
-0.64
0.10
0.82
0.92
-10.25
-0.85
0.26
-0.02
-1.03
-1.46
-0.04
-0.09
0.13
-0.26
0.65
3.45
-0.55
-0.33
-4.26
-0.28
-0.52
-2.20
-0.57
0.32
-0.39
0.40
10.22
-0.84
-6.59
0.07
4.08
1.27
-0.73
0.03
-1.02
-0.02
0.80
-1.74
-3.13
-0.65
-1.08
0.27
4.60
0.34
-2.89
0.54
1.52
-6.41
22.21
-4.31
-1.57
-15.27
0.68
-0.19
0.37
-0.55
0.19
-0.07
0.65
-0.55
-0.80
0.76
-1.18
-0.61
-0.56
0.07
0.59
-0.96
28.88
0.24
-13.90
-1.80
10.82
0.87
-0.11
-1.02
-1.65
-0.58
11.66
0.01
0.94
-10.20
2840,4
1,0,0,0
1,0,0,0
1,0,0,0
1,0,0,0
1,0,0,0
1,0,0,0
1,0,0,0
1,0,0,0
1,0,0,0
1,0,0,0
0,1,0,0
0,1,0,0
0,1,0,0
0,1,0,0
0,1,0,0
0,1,0,0
0,1,0,0
0,1,0,0
0,1,0,0
0,1,0,0
0,0,1,0
0,0,1,0
0,0,1,0
0,0,1,0
0,0,1,0
0,0,1,0
0,0,1,0
0,0,1,0
0,0,1,0
0,0,1,0
0,0,0,1
0,0,0,1
0,0,0,1
0,0,0,1
0,0,0,1
0,0,0,1
0,0,0,1
0,0,0,1
0,0,0,1
0,0,0,1
1,1,1,1
1,1,1,1
1,1,1,1
1,1,1,1
1,1,1,1
1,1,1,1
1,1,1,1
1,1,1,1
1,1,1,1
1,1,1,1
1,1,1,1
1,1,1,1
1,1,1,1
1,1,1,1
1,1,1,1
1,1,1,1
1,1,1,1
1,1,1,1
1,1,1,1
1,1,1,1
1,1,1,1
1,1,1,1
1,1,1,1
1,1,1,1
1,1,1,1
1,1,1,1
1,1,1,1
1,1,1,1
1,1,1,1
1,1,1,1
1,1,1,1
1,1,1,1
1,1,1,1
1,1,1,1
1,1,1,1
1,1,1,1
1,1,1,1
1,1,1,1
1,1,1,1
1,1,1,1
1,1,1,1
1,1,1,1
1,1,1,1
1,1,1,1
1,1,1,1
1,1,1,1
1,1,1,1
1,1,1,1
1,1,1,1
1,1,1,1
1,1,1,1
1,1,1,1
1,1,1,1
1,1,1,1
1,1,1,1
1,1,1,1
1,1,1,1
1,1,1,1
1,1,1,1
1,1,1,1
1,1,1,1
1,1,1,1
1,1,1,1
1,1,1,1
1,1,1,1
1,1,1,1
1,1,1,1
1,1,1,1
1,1,1,1
1,1,1,1
1,1,1,1
1,1,1,1
1,1,1,1
1,1,1,1
1,1,1,1
1,1,1,1
1,1,1,1
1,1,1,1
1,1,1,1
1,1,1,1
1,1,1,1
1,1,1,1
1,1,1,1
1,1,1,1
1,1,1,1
1,1,1,1
1,1,1,1
1,1,1,1
1,1,1,1
1,1,1,1
1,1,1,1
1,1,1,1
1,1,1,1
1,1,1,1
1,1,1,1
1,1,1,1
1,1,1,1
1,1,1,1
1,1,1,1
1,1,1,1
1,1,1,1
1,1,1,1
1,1,1,1
1,1,1,1
1,1,1,1
1,1,1,1
1,1,1,1
1,1,1,1
1,1,1,1
1,1,1,1
1,1,1,1
1,1,1,1
1,1,1,1
1,1,1,1
1,1,1,1
1,1,1,1
1,1,1,1
1,1,1,1
1,1,1,1
1,1,1,1
1,1,1,1
1,1,1,1
1,1,1,1
1,1,1,1
1,1,1,1
1,1,1,1
1,1,1,1
1,1,1,1
1,1,1,1
1,1,1,1
1,1,1,1
1,1,1,1
1,1,1,1
1,1,1,1
1,1,1,1
1,1,1,1
1,1,1,1
1,1,1,1
1,1,1,1
1,1,1,1
1,1,1,1
1,1,1,1
1,1,1,1
1,1,1,1
1,1,1,1
1,1,1,1
1,1,1,1
1,1,1,1
1,1,1,1
1,1,1,1
1,1,1,1
1,1,1,1
1,1,1,1
1,1,1,1
1,1,1,1
1,1,1,1
1,1,1,1
1,1,1,1
1,1,1,1
1,1,1,1
1,1,1,1
1,1,1,1
1,1,1,1
1,1,1,1
1,1,1,1
1,1,1,1
1,1,1,1
1,1,1,1
1,1,1,1
1,1,1,1
1,1,1,1
1,1,1,1
1,1,1,1
1,1,1,1
1,1,1,1
1,1,1,1
1,1,1,1
1,1,1,1
1,1,1,1
1,1,1,1
1,1,1,1
1,1,1,1
1,1,1,1
1,1,1,1
1,1,1,1
1,1,1,1
1,1,1,1
1,1,1,1
1,1,1,1
1,1,1,1
1,1,1,1
1,1,1,1
1,1,1,1
1,1,1,1
1,1,1,1
1,1,1,1
1,1,1,1
1,1,1,1
1,1,1,1
1,1,1,1
1,1,1,1
1,1,1,1
1,1,1,1
1,1,1,1
1,1,1,1
1,1,1,1
1,1,1,1
1,1,1,1
1,1,1,1
1,1,1,1
1,1,1,1
1,1,1,1
1,1,1,1
1,1,1,1
1,1,1,1
1,1,1,1
1,1,1,1
1,1,1,1
1,1,1,1
1,1,1,1
1,1,1,1
1,1,1,1
1,1,1,1
1,1,1,1
1,1,1,1
1,1,1,1
1,1,1,1
1,1,1,1
1,1,1,1
1,1,1,1
1,1,1,1
1,1,1,1
1,1,1,1
1,1,1,1
1,1,1,1
1,1,1,1
1,1,1,1
1,1,1,1
1,1,1,1
1,1,1,1
1,1,1,1
1,1,1,1
1,1,1,1
1,1,1,1
1,1,1,1
1,1,1,1
1,1,1,1
1,1,1,1
1,1,1,1
1,1,1,1
1,1,1,1
1,1,1,1
1,1,1,1
1,1,1,1
1,1,1,1
1,1,1,1
1,1,1,1
1,1,1,1
1,1,1,1
1,1,1,1
1,1,1,1
1,1,1,1
1,1,1,1
1,1,1,1
1,1,1,1
1,1,1,1
1,1,1,1
1,1,1,1
1,1,1,1
1,1,1,1
1,1,1,1
1,1,1,1
1,1,1,1
1,1,1,1
1,1,1,1
1,1,1,1
1,1,1,1
1,1,1,1
1,1,1,1
1,1,1,1
1,1,1,1
1,1,1,1
1,1,1,1
1,1,1,1
1,1,1,1
1,1,1,1
1,1,1,1
1,1,1,1
1,1,1,1
1,1,1,1
1,1,1,1
1,1,1,1
1,1,1,1
1,1,1,1
1,1,1,1
1,1,1,1
1,1,1,1
1,1,1,1
1,1,1,1
1,1,1,1
1,1,1,1
1,1,1,1
1,1,1,1
1,1,1,1
1,1,1,1
1,1,1,1
1,1,1,1
1,1,1,1
1,1,1,1
1,1,1,1
1,1,1,1
1,1,1,1
1,1,1,1
1,1,1,1
1,1,1,1
1,1,1,1
1,1,1,1
1,1,1,1
1,1,1,1
1,1,1,1
1,1,1,1
1,1,1,1
1,1,1,1
1,1,1,1
1,1,1,1
1,1,1,1
1,1,1,1
1,1,1,1
1,1,1,1
1,1,1,1
1,1,1,1
1,1,1,1
1,1,1,1
1,1,1,1
1,1,1,1
1,1,1,1
1,1,1,1
1,1,1,1
1,1,1,1
1,1,1,1
1,1,1,1
1,1,1,1
1,1,1,1
1,1,1,1
1,1,1,1
1,1,1,1
1,1,1,1
1,1,1,1
1,1,1,1
1,1,1,1
1,1,1,1
1,1,1,1
1,1,1,1
1,1,1,1
1,1,1,1
1,1,1,1
1,1,1,1
1,1,1,1
1,1,1,1
1,1,1,1
1,1,1,1
1,1,1,1
1,1,1,1
1,1,1,1
1,1,1,1
1,1,1,1
1,1,1,1
1,1,1,1
1,1,1,1
1,1,1,1
1,1,1,1
1,1,1,1
1,1,1,1
1,1,1,1
1,1,1,1
1,1,1,1
1,1,1,1
1,1,1,1
1,1,1,1
1,1,1,1
1,1,1,1
1,1,1,1
1,1,1,1
1,1,1,1
1,1,1,1
1,1,1,1
1,1,1,1
1,1,1,1
1,1,1,1
1,1,1,1
1,1,1,1
1,1,1,1
1,1,1,1
1,1,1,1
1,1,1,1
1,1,1,1
1,1,1,1
1,1,1,1
1,1,1,1
1,1,1,1
1,1,1,1
1,1,1,1
1,1,1,1
1,1,1,1
1,1,1,1
1,1,1,1
1,1,1,1
1,1,1,1
1,1,1,1
1,1,1,1
1,1,1,1
1,1,1,1
1,1,1,1
1,1,1,1
1,1,1,1
1,1,1,1
1,1,1,1
1,1,1,1
1,1,1,1
1,1,1,1
1,1,1,1
1,1,1,1
1,1,1,1
1,1,1,1
1,1,1,1
1,1,1,1
1,1,1,1
1,1,1,1
1,1,1,1
1,1,1,1
1,1,1,1
1,1,1,1
1,1,1,1
1,1,1,1
1,1,1,1
1,1,1,1
1,1,1,1
1,1,1,1
1,1,1,1
1,1,1,1
1,1,1,1
1,1,1,1
1,1,1,1
1,1,1,1
1,1,1,1
1,1,1,1
1,1,1,1
1,1,1,1
1,1,1,1
1,1,1,1
1,1,1,1
1,1,1,1
1,1,1,1
1,1,1,1
1,1,1,1
1,1,1,1
1,1,1,1
1,1,1,1
1,1,1,1
1,1,1,1
1,1,1,1
1,1,1,1
1,1,1,1
1,1,1,1
1,1,1,1
1,1,1,1
1,1,1,1
1,1,1,1
1,1,1,1
1,1,1,1
1,1,1,1
1,1,1,1
1,1,1,1
1,1,1,1
1,1,1,1
1,1,1,1
1,1,1,1
1,1,1,1
1,1,1,1
1,1,1,1
1,1,1,1
1,1,1,1
1,1,1,1
1,1,1,1
1,1,1,1
1,1,1,1
1,1,1,1
1,1,1,1
1,1,1,1
1,1,1,1
1,1,1,1
1,1,1,1
1,1,1,1
1,1,1,1
1,1,1,1
1,1,1,1
1,1,1,1
1,1,1,1
1,1,1,1
1,1,1,1
1,1,1,1
1,1,1,1
1,1,1,1
1,1,1,1
1,1,1,1
1,1,1,1
1,1,1,1
1,1,1,1
1,1,1,1
1,1,1,1
1,1,1,1
1,1,1,1
1,1,1,1
1,1,1,1
1,1,1,1
1,1,1,1
1,1,1,1
1,1,1,1
1,1,1,1
1,1,1,1
1,1,1,1
1,1,1,1
1,1,1,1
1,1,1,1
1,1,1,1
1,1,1,1
1,1,1,1
1,1,1,1
1,1,1,1
1,1,1,1
1,1,1,1
1,1,1,1
1,1,1,1
1,1,1,1
1,1,1,1
1,1,1,1
1,1,1,1
1,1,1,1
1,1,1,1
1,1,1,1
1,1,1,1
1,1,1,1
1,1,1,1
1,1,1,1
1,1,1,1
1,1,1,1
1,1,1,1
1,1,1,1
1,1,1,1
1,1,1,1
1,1,1,1
1,1,1,1
1,1,1,1
1,1,1,1
1,1,1,1
1,1,1,1
1,1,1,1
1,1,1,1
1,1,1,1
1,1,1,1
1,1,1,1
1,1,1,1
1,1,1,1
1,1,1,1
1,1,1,1
1,1,1,1
1,1,1,1
1,1,1,1
1,1,1,1
1,1,1,1
1,1,1,1
1,1,1,1
1,1,1,1
1,1,1,1
1,1,1,1
1,1,1,1
1,1,1,1
1,1,1,1
1,1,1,1
1,1,1,1
1,1,1,1
1,1,1,1
1,1,1,1
1,1,1,1
1,1,1,1
1,1,1,1
1,1,1,1
1,1,1,1
1,1,1,1
1,1,1,1
1,1,1,1
1,1,1,1
1,1,1,1
1,1,1,1
1,1,1,1
1,1,1,1
1,1,1,1
1,1,1,1
1,1,1,1
1,1,1,1
1,1,1,1
1,1,1,1
1,1,1,1
1,1,1,1
1,1,1,1
1,1,1,1
1,1,1,1
1,1,1,1
1,1,1,1
1,1,1,1
1,1,1,1
1,1,1,1
1,1,1,1
1,1,1,1
1,1,1,1
1,1,1,1
1,1,1,1
1,1,1,1
1,1,1,1
1,1,1,1
1,1,1,1
1,1,1,1
1,1,1,1
1,1,1,1
1,1,1,1
1,1,1,1
1,1,1,1
1,1,1,1
1,1,1,1
1,1,1,1
1,1,1,1
1,1,1,1
1,1,1,1
1,1,1,1
1,1,1,1
1,1,1,1
1,1,1,1
1,1,1,1
1,1,1,1
1,1,1,1
1,1,1,1
1,1,1,1
1,1,1,1
1,1,1,1
1,1,1,1
1,1,1,1
1,1,1,1
1,1,1,1
1,1,1,1
1,1,1,1
1,1,1,1
1,1,1,1
1,1,1,1
1,1,1,1
1,1,1,1
1,1,1,1
1,1,1,1
1,1,1,1
1,1,1,1
1,1,1,1
1,1,1,1
1,1,1,1
1,1,1,1
1,1,1,1
1,1,1,1
1,1,1,1
1,1,1,1
1,1,1,1
1,1,1,1
1,1,1,1
1,1,1,1
1,1,1,1
1,1,1,1
1,1,1,1
1,1,1,1
1,1,1,1
1,1,1,1
1,1,1,1
1,1,1,1
1,1,1,1
1,1,1,1
1,1,1,1
1,1,1,1
1,1,1,1
1,1,1,1
1,1,1,1
1,1,1,1
1,1,1,1
1,1,1,1
1,1,1,1
1,1,1,1
1,1,1,1
1,1,1,1
1,1,1,1
1,1,1,1
1,1,1,1
1,1,1,1
1,1,1,1
1,1,1,1
1,1,1,1
1,1,1,1
1,1,1,1
1,1,1,1
1,1,1,1
1,1,1,1
1,1,1,1
1,1,1,1
1,1,1,1
1,1,1,1
1,1,1,1
1,1,1,1
1,1,1,1
1,1,1,1
1,1,1,1
1,1,1,1
1,1,1,1
1,1,1,1
1,1,1,1
1,1,1,1
1,1,1,1
1,1,1,1
1,1,1,1
1,1,1,1
1,1,1,1
1,1,1,1
1,1,1,1
1,1,1,1
1,1,1,1
1,1,1,1
1,1,1,1
1,1,1,1
1,1,1,1
1,1,1,1
1,1,1,1
1,1,1,1
1,1,1,1
1,1,1,1
1,1,1,1
1,1,1,1
1,1,1,1
1,1,1,1
1,1,1,1
1,1,1,1
1,1,1,1
1,1,1,1
1,1,1,1
1,1,1,1
1,1,1,1
1,1,1,1
1,1,1,1
1,1,1,1
1,1,1,1
1,1,1,1
1,1,1,1
1,1,1,1
1,1,1,1
1,1,1,1
1,1,1,1
1,1,1,1
1,1,1,1
1,1,1,1
1,1,1,1
1,1,1,1
1,1,1,1
1,1,1,1
1,1,1,1
1,1,1,1
1,1,1,1
1,1,1,1
1,1,1,1
1,1,1,1
1,1,1,1
1,1,1,1
1,1,1,1
1,1,1,1
1,1,1,1
1,1,1,1
1,1,1,1
1,1,1,1
1,1,1,1
1,1,1,1
1,1,1,1
1,1,1,1
1,1,1,1
1,1,1,1
1,1,1,1
1,1,1,1
1,1,1,1
1,1,1,1
1,1,1,1
1,1,1,1
1,1,1,1
1,1,1,1
1,1,1,1
1,1,1,1
1,1,1,1
1,1,1,1
1,1,1,1
1,1,1,1
1,1,1,1
1,1,1,1
1,1,1,1
1,1,1,1
1,1,1,1
1,1,1,1
1,1,1,1
1,1,1,1
1,1,1,1
1,1,1,1
1,1,1,1
1,1,1,1
1,1,1,1
1,1,1,1
1,1,1,1
1,1,1,1
1,1,1,1
1,1,1,1
1,1,1,1
1,1,1,1
1,1,1,1
1,1,1,1
1,1,1,1
1,1,1,1
1,1,1,1
1,1,1,1
1,1,1,1
1,1,1,1
1,1,1,1
1,1,1,1
1,1,1,1
1,1,1,1
1,1,1,1
1,1,1,1
1,1,1,1
1,1,1,1
1,1,1,1
1,1,1,1
1,1,1,1
1,1,1,1
1,1,1,1
1,1,1,1
1,1,1,1
1,1,1,1
1,1,1,1
1,1,1,1
1,1,1,1
1,1,1,1
1,1,1,1
1,1,1,1
1,1,1,1
1,1,1,1
1,1,1,1
1,1,1,1
1,1,1,1
1,1,1,1
1,1,1,1
1,1,1,1
1,1,1,1
1,1,1,1
1,1,1,1
1,1,1,1
1,1,1,1
1,1,1,1
1,1,1,1
1,1,1,1
1,1,1,1
1,1,1,1
1,1,1,1
1,1,1,1
1,1,1,1
1,1,1,1
1,1,1,1
1,1,1,1
1,1,1,1
1,1,1,1
1,1,1,1
1,1,1,1
1,1,1,1
1,1,1,1
1,1,1,1
1,1,1,1
1,1,1,1
1,1,1,1
1,1,1,1
1,1,1,1
1,1,1,1
1,1,1,1
1,1,1,1
1,1,1,1
1,1,1,1
1,1,1,1
1,1,1,1
1,1,1,1
1,1,1,1
1,1,1,1
1,1,1,1
1,1,1,1
1,1,1,1
1,1,1,1
1,1,1,1
1,1,1,1
1,1,1,1
1,1,1,1
1,1,1,1
1,1,1,1
1,1,1,1
1,1,1,1
1,1,1,1
1,1,1,1
1,1,1,1
1,1,1,1
1,1,1,1
1,1,1,1
1,1,1,1
1,1,1,1
1,1,1,1
1,1,1,1
1,1,1,1
1,1,1,1
1,1,1,1
1,1,1,1
1,1,1,1
1,1,1,1
1,1,1,1
1,1,1,1
1,1,1,1
1,1,1,1
1,1,1,1
1,1,1,1
1,1,1,1
1,1,1,1
1,1,1,1
1,1,1,1
1,1,1,1
1,1,1,1
1,1,1,1
1,1,1,1
1,1,1,1
1,1,1,1
1,1,1,1
1,1,1,1
1,1,1,1
1,1,1,1
1,1,1,1
1,1,1,1
1,1,1,1
1,1,1,1
1,1,1,1
1,1,1,1
1,1,1,1
1,1,1,1
1,1,1,1
1,1,1,1
1,1,1,1
1,1,1,1
1,1,1,1
1,1,1,1
1,1,1,1
1,1,1,1
1,1,1,1
1,1,1,1
1,1,1,1
1,1,1,1
1,1,1,1
1,1,1,1
1,1,1,1
1,1,1,1
1,1,1,1
1,1,1,1
1,1,1,1
1,1,1,1
1,1,1,1
1,1,1,1
1,1,1,1
1,1,1,1
1,1,1,1
1,1,1,1
1,1,1,1
1,1,1,1
1,1,1,1
1,1,1,1
1,1,1,1
1,1,1,1
1,1,1,1
1,1,1,1
1,1,1,1
1,1,1,1
1,1,1,1
1,1,1,1
1,1,1,1
1,1,1,1
1,1,1,1
1,1,1,1
1,1,1,1
1,1,1,1
1,1,1,1
1,1,1,1
1,1,1,1
1,1,1,1
1,1,1,1
1,1,1,1
1,1,1,1
1,1,1,1
1,1,1,1
1,1,1,1
1,1,1,1
1,1,1,1
1,1,1,1
1,1,1,1
1,1,1,1
1,1,1,1
1,1,1,1
1,1,1,1
1,1,1,1
1,1,1,1
1,1,1,1
1,1,1,1
1,1,1,1
1,1,1,1
1,1,1,1
1,1,1,1
1,1,1,1
1,1,1,1
1,1,1,1
1,1,1,1
1,1,1,1
1,1,1,1
1,1,1,1
1,1,1,1
1,1,1,1
1,1,1,1
1,1,1,1
1,1,1,1
1,1,1,1
1,1,1,1
1,1,1,1
1,1,1,1
1,1,1,1
1,1,1,1
1,1,1,1
1,1,1,1
1,1,1,1
1,1,1,1
1,1,1,1
1,1,1,1
1,1,1,1
1,1,1,1
1,1,1,1
1,1,1,1
1,1,1,1
1,1,1,1
1,1,1,1
1,1,1,1
1,1,1,1
1,1,1,1
1,1,1,1
1,1,1,1
1,1,1,1
1,1,1,1
1,1,1,1
1,1,1,1
1,1,1,1
1,1,1,1
1,1,1,1
1,1,1,1
1,1,1,1
1,1,1,1
1,1,1,1
1,1,1,1
1,1,1,1
1,1,1,1
1,1,1,1
1,1,1,1
1,1,1,1
1,1,1,1
1,1,1,1
1,1,1,1
1,1,1,1
1,1,1,1
1,1,1,1
1,1,1,1
1,1,1,1
1,1,1,1
1,1,1,1
1,1,1,1
1,1,1,1
1,1,1,1
1,1,1,1
1,1,1,1
1,1,1,1
1,1,1,1
1,1,1,1
1,1,1,1
1,1,1,1
1,1,1,1
1,1,1,1
1,1,1,1
1,1,1,1
1,1,1,1
1,1,1,1
1,1,1,1
1,1,1,1
1,1,1,1
1,1,1,1
1,1,1,1
1,1,1,1
1,1,1,1
1,1,1,1
1,1,1,1
1,1,1,1
1,1,1,1
1,1,1,1
1,1,1,1
1,1,1,1
1,1,1,1
1,1,1,1
1,1,1,1
1,1,1,1
1,1,1,1
1,1,1,1
1,1,1,1
1,1,1,1
1,1,1,1
1,1,1,1
1,1,1,1
1,1,1,1
1,1,1,1
1,1,1,1
1,1,1,1
1,1,1,1
1,1,1,1
1,1,1,1
1,1,1,1
1,1,1,1
1,1,1,1
1,1,1,1
1,1,1,1
1,1,1,1
1,1,1,1
1,1,1,1
1,1,1,1
1,1,1,1
1,1,1,1
1,1,1,1
1,1,1,1
1,1,1,1
1,1,1,1
1,1,1,1
1,1,1,1
1,1,1,1
1,1,1,1
1,1,1,1
1,1,1,1
1,1,1,1
1,1,1,1
1,1,1,1
1,1,1,1
1,1,1,1
1,1,1,1
1,1,1,1
1,1,1,1
1,1,1,1
1,1,1,1
1,1,1,1
1,1,1,1
1,1,1,1
1,1,1,1
1,1,1,1
1,1,1,1
1,1,1,1
1,1,1,1
1,1,1,1
1,1,1,1
1,1,1,1
1,1,1,1
1,1,1,1
1,1,1,1
1,1,1,1
1,1,1,1
1,1,1,1
1,1,1,1
1,1,1,1
1,1,1,1
1,1,1,1
1,1,1,1
1,1,1,1
1,1,1,1
1,1,1,1
1,1,1,1
1,1,1,1
1,1,1,1
1,1,1,1
1,1,1,1
1,1,1,1
1,1,1,1
1,1,1,1
1,1,1,1
1,1,1,1
1,1,1,1
1,1,1,1
1,1,1,1
1,1,1,1
1,1,1,1
1,1,1,1
1,1,1,1
1,1,1,1
1,1,1,1
1,1,1,1
1,1,1,1
1,1,1,1
1,1,1,1
1,1,1,1
1,1,1,1
1,1,1,1
1,1,1,1
1,1,1,1
1,1,1,1
1,1,1,1
1,1,1,1
1,1,1,1
1,1,1,1
1,1,1,1
1,1,1,1
1,1,1,1
1,1,1,1
1,1,1,1
1,1,1,1
1,1,1,1
1,1,1,1
1,1,1,1
1,1,1,1
1,1,1,1
1,1,1,1
1,1,1,1
1,1,1,1
1,1,1,1
1,1,1,1
1,1,1,1
1,1,1,1
1,1,1,1
1,1,1,1
1,1,1,1
1,1,1,1
1,1,1,1
1,1,1,1
1,1,1,1
1,1,1,1
1,1,1,1
1,1,1,1
1,1,1,1
1,1,1,1
1,1,1,1
1,1,1,1
1,1,1,1
1,1,1,1
1,1,1,1
1,1,1,1
1,1,1,1
1,1,1,1
1,1,1,1
1,1,1,1
1,1,1,1
1,1,1,1
1,1,1,1
1,1,1,1
1,1,1,1
1,1,1,1
1,1,1,1
1,1,1,1
1,1,1,1
1,1,1,1
1,1,1,1
1,1,1,1
1,1,1,1
1,1,1,1
1,1,1,1
1,1,1,1
1,1,1,1
1,1,1,1
1,1,1,1
1,1,1,1
1,1,1,1
1,1,1,1
1,1,1,1
1,1,1,1
1,1,1,1
1,1,1,1
1,1,1,1
1,1,1,1
1,1,1,1
1,1,1,1
1,1,1,1
1,1,1,1
1,1,1,1
1,1,1,1
1,1,1,1
1,1,1,1
1,1,1,1
1,1,1,1
1,1,1,1
1,1,1,1
1,1,1,1
1,1,1,1
1,1,1,1
1,1,1,1
1,1,1,1
1,1,1,1
1,1,1,1
1,1,1,1
1,1,1,1
1,1,1,1
1,1,1,1
1,1,1,1
1,1,1,1
1,1,1,1
1,1,1,1
1,1,1,1
1,1,1,1
1,1,1,1
1,1,1,1
1,1,1,1
1,1,1,1
1,1,1,1
1,1,1,1
1,1,1,1
1,1,1,1
1,1,1,1
1,1,1,1
1,1,1,1
1,1,1,1
1,1,1,1
1,1,1,1
1,1,1,1
1,1,1,1
1,1,1,1
1,1,1,1
1,1,1,1
1,1,1,1
1,1,1,1
1,1,1,1
1,1,1,1
1,1,1,1
1,1,1,1
1,1,1,1
1,1,1,1
1,1,1,1
1,1,1,1
1,1,1,1
1,1,1,1
1,1,1,1
1,1,1,1
1,1,1,1
1,1,1,1
1,1,1,1
1,1,1,1
1,1,1,1
1,1,1,1
1,1,1,1
1,1,1,1
1,1,1,1
1,1,1,1
1,1,1,1
1,1,1,1
1,1,1,1
1,1,1,1
1,1,1,1
1,1,1,1
1,1,1,1
1,1,1,1
1,1,1,1
1,1,1,1
1,1,1,1
1,1,1,1
1,1,1,1
1,1,1,1
1,1,1,1
1,1,1,1
1,1,1,1
1,1,1,1
1,1,1,1
1,1,1,1
1,1,1,1
1,1,1,1
1,1,1,1
1,1,1,1
1,1,1,1
1,1,1,1
1,1,1,1
1,1,1,1
1,1,1,1
1,1,1,1
1,1,1,1
1,1,1,1
1,1,1,1
1,1,1,1
1,1,1,1
1,1,1,1
1,1,1,1
1,1,1,1
1,1,1,1
1,1,1,1
1,1,1,1
1,1,1,1
1,1,1,1
1,1,1,1
1,1,1,1
1,1,1,1
1,1,1,1
1,1,1,1
1,1,1,1
1,1,1,1
1,1,1,1
1,1,1,1
1,1,1,1
1,1,1,1
1,1,1,1
1,1,1,1
1,1,1,1
1,1,1,1
1,1,1,1
1,1,1,1
1,1,1,1
1,1,1,1
1,1,1,1
1,1,1,1
1,1,1,1
1,1,1,1
1,1,1,1
1,1,1,1
1,1,1,1
1,1,1,1
1,1,1,1
1,1,1,1
1,1,1,1
1,1,1,1
1,1,1,1
1,1,1,1
1,1,1,1
1,1,1,1
1,1,1,1
1,1,1,1
1,1,1,1
1,1,1,1
1,1,1,1
1,1,1,1
1,1,1,1
1,1,1,1
1,1,1,1
1,1,1,1
1,1,1,1
1,1,1,1
1,1,1,1
1,1,1,1
1,1,1,1
1,1,1,1
1,1,1,1
1,1,1,1
1,1,1,1
1,1,1,1
1,1,1,1
1,1,1,1
1,1,1,1
1,1,1,1
1,1,1,1
1,1,1,1
1,1,1,1
1,1,1,1
1,1,1,1
1,1,1,1
1,1,1,1
1,1,1,1
1,1,1,1
1,1,1,1
1,1,1,1
1,1,1,1
1,1,1,1
1,1,1,1
1,1,1,1
1,1,1,1
1,1,1,1
1,1,1,1
1,1,1,1
1,1,1,1
1,1,1,1
1,1,1,1
1,1,1,1
1,1,1,1
1,1,1,1
1,1,1,1
1,1,1,1
1,1,1,1
1,1,1,1
1,1,1,1
1,1,1,1
1,1,1,1
1,1,1,1
1,1,1,1
1,1,1,1
1,1,1,1
1,1,1,1
1,1,1,1
1,1,1,1
1,1,1,1
1,1,1,1
1,1,1,1
1,1,1,1
1,1,1,1
1,1,1,1
1,1,1,1
1,1,1,1
1,1,1,1
1,1,1,1
1,1,1,1
1,1,1,1
1,1,1,1
1,1,1,1
1,1,1,1
1,1,1,1
1,1,1,1
1,1,1,1
1,1,1,1
1,1,1,1
1,1,1,1
1,1,1,1
1,1,1,1
1,1,1,1
1,1,1,1
1,1,1,1
1,1,1,1
1,1,1,1
1,1,1,1
1,1,1,1
1,1,1,1
1,1,1,1
1,1,1,1
1,1,1,1
1,1,1,1
1,1,1,1
1,1,1,1
1,1,1,1
1,1,1,1
1,1,1,1
1,1,1,1
1,1,1,1
1,1,1,1
1,1,1,1
1,1,1,1
1,1,1,1
1,1,1,1
1,1,1,1
1,1,1,1
1,1,1,1
1,1,1,1
1,1,1,1
1,1,1,1
1,1,1,1
1,1,1,1
1,1,1,1
1,1,1,1
1,1,1,1
1,1,1,1
1,1,1,1
1,1,1,1
1,1,1,1
1,1,1,1
1,1,1,1
1,1,1,1
1,1,1,1
1,1,1,1
1,1,1,1
1,1,1,1
1,1,1,1
1,1,1,1
1,1,1,1
1,1,1,1
1,1,1,1
1,1,1,1
1,1,1,1
1,1,1,1
1,1,1,1
1,1,1,1
1,1,1,1
1,1,1,1
1,1,1,1
1,1,1,1
1,1,1,1
1,1,1,1
1,1,1,1
1,1,1,1
1,1,1,1
1,1,1,1
1,1,1,1
1,1,1,1
1,1,1,1
1,1,1,1
1,1,1,1
1,1,1,1
1,1,1,1
1,1,1,1
1,1,1,1
1,1,1,1
1,1,1,1
1,1,1,1
1,1,1,1
1,1,1,1
1,1,1,1
1,1,1,1
1,1,1,1
1,1,1,1
1,1,1,1
1,1,1,1
1,1,1,1
1,1,1,1
1,1,1,1
1,1,1,1
1,1,1,1
1,1,1,1
1,1,1,1
1,1,1,1
1,1,1,1
1,1,1,1
1,1,1,1
1,1,1,1
1,1,1,1
1,1,1,1
1,1,1,1
1,1,1,1
1,1,1,1
1,1,1,1
1,1,1,1
1,1,1,1
1,1,1,1
1,1,1,1
1,1,1,1
1,1,1,1
1,1,1,1
1,1,1,1
1,1,1,1
1,1,1,1
1,1,1,1
1,1,1,1
1,1,1,1
1,1,1,1
1,1,1,1
1,1,1,1
1,1,1,1
1,1,1,1
1,1,1,1
1,1,1,1
1,1,1,1
1,1,1,1
1,1,1,1
1,1,1,1
1,1,1,1
1,1,1,1
1,1,1,1
1,1,1,1
1,1,1,1
1,1,1,1
1,1,1,1
1,1,1,1
1,1,1,1
1,1,1,1
1,1,1,1
1,1,1,1
1,1,1,1
1,1,1,1
1,1,1,1
1,1,1,1
1,1,1,1
1,1,1,1
1,1,1,1
1,1,1,1
1,1,1,1
1,1,1,1
1,1,1,1
1,1,1,1
1,1,1,1
1,1,1,1
1,1,1,1
1,1,1,1
1,1,1,1
1,1,1,1
1,1,1,1
1,1,1,1
1,1,1,1
1,1,1,1
1,1,1,1
1,1,1,1
1,1,1,1
1,1,1,1
1,1,1,1
1,1,1,1
1,1,1,1
1,1,1,1
1,1,1,1
1,1,1,1
1,1,1,1
1,1,1,1
1,1,1,1
1,1,1,1
1,1,1,1
1,1,1,1
1,1,1,1
1,1,1,1
1,1,1,1
1,1,1,1
1,1,1,1
1,1,1,1
1,1,1,1
1,1,1,1
1,1,1,1
1,1,1,1
1,1,1,1
1,1,1,1
1,1,1,1
1,1,1,1
1,1,1,1
1,1,1,1
1,1,1,1
1,1,1,1
1,1,1,1
1,1,1,1
1,1,1,1
1,1,1,1
1,1,1,1
1,1,1,1
1,1,1,1
1,1,1,1
1,1,1,1
1,1,1,1
1,1,1,1
1,1,1,1
1,1,1,1
1,1,1,1
1,1,1,1
1,1,1,1
1,1,1,1
1,1,1,1
1,1,1,1
1,1,1,1
1,1,1,1
1,1,1,1
1,1,1,1
1,1,1,1
1,1,1,1
1,1,1,1
1,1,1,1
1,1,1,1
1,1,1,1
1,1,1,1
1,1,1,1
1,1,1,1
1,1,1,1
1,1,1,1
1,1,1,1
1,1,1,1
1,1,1,1
1,1,1,1
1,1,1,1
1,1,1,1
1,1,1,1
1,1,1,1
1,1,1,1
1,1,1,1
1,1,1,1
1,1,1,1
1,1,1,1
1,1,1,1
1,1,1,1
1,1,1,1
1,1,1,1
1,1,1,1
1,1,1,1
1,1,1,1
1,1,1,1
1,1,1,1
1,1,1,1
1,1,1,1
1,1,1,1
1,1,1,1
1,1,1,1
1,1,1,1
1,1,1,1
1,1,1,1
1,1,1,1
1,1,1,1
1,1,1,1
1,1,1,1
1,1,1,1
1,1,1,1
1,1,1,1
1,1,1,1
1,1,1,1
1,1,1,1
1,1,1,1
1,1,1,1
1,1,1,1
1,1,1,1
1,1,1,1
1,1,1,1
1,1,1,1
1,1,1,1
1,1,1,1
1,1,1,1
1,1,1,1
1,1,1,1
1,1,1,1
1,1,1,1
1,1,1,1
1,1,1,1
1,1,1,1
1,1,1,1
1,1,1,1
1,1,1,1
1,1,1,1
1,1,1,1
1,1,1,1
1,1,1,1
1,1,1,1
1,1,1,1
1,1,1,1
1,1,1,1
1,1,1,1
1,1,1,1
1,1,1,1
1,1,1,1
1,1,1,1
1,1,1,1
1,1,1,1
1,1,1,1
1,1,1,1
1,1,1,1
1,1,1,1
1,1,1,1
1,1,1,1
1,1,1,1
1,1,1,1
1,1,1,1
1,1,1,1
1,1,1,1
1,1,1,1
1,1,1,1
1,1,1,1
1,1,1,1
1,1,1,1
1,1,1,1
1,1,1,1
1,1,1,1
1,1,1,1
1,1,1,1
1,1,1,1
1,1,1,1
1,1,1,1
1,1,1,1
1,1,1,1
1,1,1,1
1,1,1,1
1,1,1,1
1,1,1,1
1,1,1,1
1,1,1,1
1,1,1,1
1,1,1,1
1,1,1,1
1,1,1,1
1,1,1,1
1,1,1,1
1,1,1,1
1,1,1,1
1,1,1,1
1,1,1,1
1,1,1,1
1,1,1,1
1,1,1,1
1,1,1,1
1,1,1,1
1,1,1,1
1,1,1,1
1,1,1,1
1,1,1,1
1,1,1,1
1,1,1,1
1,1,1,1
1,1,1,1
1,1,1,1
1,1,1,1
1,1,1,1
1,1,1,1
1,1,1,1
1,1,1,1
1,1,1,1
1,1,1,1
1,1,1,1
1,1,1,1
1,1,1,1
1,1,1,1
1,1,1,1
1,1,1,1
1,1,1,1
1,1,1,1
1,1,1,1
1,1,1,1
1,1,1,1
1,1,1,1
1,1,1,1
1,1,1,1
1,1,1,1
1,1,1,1
1,1,1,1
1,1,1,1
1,1,1,1
1,1,1,1
1,1,1,1
1,1,1,1
1,1,1,1
1,1,1,1
1,1,1,1
1,1,1,1
1,1,1,1
1,1,1,1
1,1,1,1
1,1,1,1
1,1,1,1
1,1,1,1
1,1,1,1
1,1,1,1
1,1,1,1
1,1,1,1
1,1,1,1
1,1,1,1
1,1,1,1
1,1,1,1
1,1,1,1
1,1,1,1
1,1,1,1
1,1,1,1
1,1,1,1
1,1,1,1
1,1,1,1
1,1,1,1
1,1,1,1
1,1,1,1
1,1,1,1
1,1,1,1
1,1,1,1
1,1,1,1
1,1,1,1
1,1,1,1
1,1,1,1
1,1,1,1
1,1,1,1
1,1,1,1
1,1,1,1
1,1,1,1
1,1,1,1
1,1,1,1
1,1,1,1
1,1,1,1
1,1,1,1
1,1,1,1
1,1,1,1
1,1,1,1
1,1,1,1
1,1,1,1
1,1,1,1
1,1,1,1
1,1,1,1
1,1,1,1
1,1,1,1
1,1,1,1
1,1,1,1
1,1,1,1
1,1,1,1
1,1,1,1
1,1,1,1
1,1,1,1
1,1,1,1
1,1,1,1
1,1,1,1
1,1,1,1
1,1,1,1
1,1,1,1
1,1,1,1
1,1,1,1
1,1,1,1
1,1,1,1
1,1,1,1
1,1,1,1
1,1,1,1
1,1,1,1
1,1,1,1
1,1,1,1
1,1,1,1
1,1,1,1
1,1,1,1
1,1,1,1
1,1,1,1
1,1,1,1
1,1,1,1
1,1,1,1
1,1,1,1
1,1,1,1
1,1,1,1
1,1,1,1
1,1,1,1
1,1,1,1
1,1,1,1
1,1,1,1
1,1,1,1
1,1,1,1
1,1,1,1
1,1,1,1
1,1,1,1
1,1,1,1
1,1,1,1
1,1,1,1
1,1,1,1
1,1,1,1
1,1,1,1
1,1,1,1
1,1,1,1
1,1,1,1
1,1,1,1
1,1,1,1
1,1,1,1
1,1,1,1
1,1,1,1
1,1,1,1
1,1,1,1
1,1,1,1
1,1,1,1
1,1,1,1
1,1,1,1
1,1,1,1
1,1,1,1
1,1,1,1
1,1,1,1
1,1,1,1
1,1,1,1
1,1,1,1
1,1,1,1
1,1,1,1
1,1,1,1
1,1,1,1
1,1,1,1
1,1,1,1
1,1,1,1
1,1,1,1
1,1,1,1
1,1,1,1
1,1,1,1
1,1,1,1
1,1,1,1
1,1,1,1
1,1,1,1
1,1,1,1
1,1,1,1
1,1,1,1
1,1,1,1
1,1,1,1
1,1,1,1
1,1,1,1
1,1,1,1
1,1,1,1
1,1,1,1
1,1,1,1
1,1,1,1
1,1,1,1
1,1,1,1
1,1,1,1
1,1,1,1
1,1,1,1
1,1,1,1
1,1,1,1
1,1,1,1
1,1,1,1
1,1,1,1
1,1,1,1
1,1,1,1
1,1,1,1
1,1,1,1
1,1,1,1
1,1,1,1
1,1,1,1
1,1,1,1
1,1,1,1
1,1,1,1
1,1,1,1
1,1,1,1
1,1,1,1
1,1,1,1
1,1,1,1
1,1,1,1
1,1,1,1
1,1,1,1
1,1,1,1
1,1,1,1
1,1,1,1
1,1,1,1
1,1,1,1
1,1,1,1
1,1,1,1
1,1,1,1
1,1,1,1
1,1,1,1
1,1,1,1
1,1,1,1
1,1,1,1
1,1,1,1
1,1,1,1
1,1,1,1
1,1,1,1
1,1,1,1
1,1,1,1
1,1,1,1
1,1,1,1
1,1,1,1
1,1,1,1
1,1,1,1
1,1,1,1
1,1,1,1
1,1,1,1
1,1,1,1
1,1,1,1
1,1,1,1
1,1,1,1
1,1,1,1
1,1,1,1
1,1,1,1
1,1,1,1
1,1,1,1
1,1,1,1
1,1,1,1
1,1,1,1
1,1,1,1
1,1,1,1
1,1,1,1
1,1,1,1
1,1,1,1
1,1,1,1
1,1,1,1
1,1,1,1
1,1,1,1
1,1,1,1
1,1,1,1
1,1,1,1
1,1,1,1
1,1,1,1
1,1,1,1
1,1,1,1
1,1,1,1
1,1,1,1
1,1,1,1
1,1,1,1
1,1,1,1
1,1,1,1
1,1,1,1
1,1,1,1
1,1,1,1
1,1,1,1
1,1,1,1
1,1,1,1
1,1,1,1
1,1,1,1
1,1,1,1
1,1,1,1
1,1,1,1
1,1,1,1
1,1,1,1
1,1,1,1
1,1,1,1
1,1,1,1
1,1,1,1
1,1,1,1
1,1,1,1
1,1,1,1
1,1,1,1
1,1,1,1
1,1,1,1
1,1,1,1
1,1,1,1
1,1,1,1
1,1,1,1
1,1,1,1
1,1,1,1
1,1,1,1
1,1,1,1
1,1,1,1
1,1,1,1
1,1,1,1
1,1,1,1
1,1,1,1
1,1,1,1
1,1,1,1
1,1,1,1
1,1,1,1
1,1,1,1
1,1,1,1
1,1,1,1
1,1,1,1
1,1,1,1
1,1,1,1
1,1,1,1
1,1,1,1
1,1,1,1
1,1,1,1
1,1,1,1
1,1,1,1
1,1,1,1
1,1,1,1
1,1,1,1
1,1,1,1
1,1,1,1
1,1,1,1
1,1,1,1
1,1,1,1
1,1,1,1
1,1,1,1
1,1,1,1
1,1,1,1
1,1,1,1
1,1,1,1
1,1,1,1
1,1,1,1
1,1,1,1
1,1,1,1
1,1,1,1
1,1,1,1
1,1,1,1
1,1,1,1
1,1,1,1
1,1,1,1
1,1,1,1
1,1,1,1
1,1,1,1
1,1,1,1
1,1,1,1
1,1,1,1
1,1,1,1
1,1,1,1
1,1,1,1
1,1,1,1
1,1,1,1
1,1,1,1
1,1,1,1
1,1,1,1
1,1,1,1
1,1,1,1
1,1,1,1
1,1,1,1
1,1,1,1
1,1,1,1
1,1,1,1
1,1,1,1
1,1,1,1
1,1,1,1
1,1,1,1
1,1,1,1
1,1,1,1
1,1,1,1
1,1,1,1
1,1,1,1
1,1,1,1
1,1,1,1
1,1,1,1
1,1,1,1
1,1,1,1
1,1,1,1
1,1,1,1
1,1,1,1
1,1,1,1
1,1,1,1
1,1,1,1
1,1,1,1
1,1,1,1
1,1,1,1
1,1,1,1
1,1,1,1
1,1,1,1
1,1,1,1
1,1,1,1
1,1,1,1
1,1,1,1
1,1,1,1
1,1,1,1
1,1,1,1
1,1,1,1
1,1,1,1
1,1,1,1
1,1,1,1
1,1,1,1
1,1,1,1
1,1,1,1
1,1,1,1
1,1,1,1
1,1,1,1
1,1,1,1
1,1,1,1
1,1,1,1
1,1,1,1
1,1,1,1
1,1,1,1
1,1,1,1
1,1,1,1
1,1,1,1
1,1,1,1
1,1,1,1
1,1,1,1
1,1,1,1
1,1,1,1
1,1,1,1
1,1,1,1
1,1,1,1
1,1,1,1
1,1,1,1
1,1,1,1
1,1,1,1
1,1,1,1
1,1,1,1
1,1,1,1
1,1,1,1
1,1,1,1
1,1,1,1
1,1,1,1
1,1,1,1
1,1,1,1
1,1,1,1
1,1,1,1
1,1,1,1
1,1,1,1
1,1,1,1
1,1,1,1
1,1,1,1
1,1,1,1
1,1,1,1
1,1,1,1
1,1,1,1
1,1,1,1
1,1,1,1
1,1,1,1
1,1,1,1
1,1,1,1
1,1,1,1
1,1,1,1
1,1,1,1
1,1,1,1
1,1,1,1
1,1,1,1
1,1,1,1
1,1,1,1
1,1,1,1
1,1,1,1
1,1,1,1
1,1,1,1
1,1,1,1
1,1,1,1
1,1,1,1
1,1,1,1
1,1,1,1
1,1,1,1
1,1,1,1
1,1,1,1
1,1,1,1
1,1,1,1
1,1,1,1
1,1,1,1
1,1,1,1
1,1,1,1
1,1,1,1
1,1,1,1
1,1,1,1
1,1,1,1
1,1,1,1
1,1,1,1
1,1,1,1
1,1,1,1
1,1,1,1
1,1,1,1
1,1,1,1
1,1,1,1
1,1,1,1
1,1,1,1
1,1,1,1
1,1,1,1
1,1,1,1
1,1,1,1
1,1,1,1
1,1,1,1
1,1,1,1
1,1,1,1
1,1,1,1
1,1,1,1
1,1,1,1
1,1,1,1
1,1,1,1
1,1,1,1
1,1,1,1
1,1,1,1
1,1,1,1
1,0,0,0
1,0,0,0
1,0,0,0
1,0,0,0
1,0,0,0
1,0,0,0
1,0,0,0
1,0,0,0
1,0,0,0
1,0,0,0
1,0,0,0
1,0,0,0
1,0,0,0
1,0,0,0
1,0,0,0
1,0,0,0
1,0,0,0
1,0,0,0
1,0,0,0
1,0,0,0
1,0,0,0
1,0,0,0
1,0,0,0
1,0,0,0
1,0,0,0
1,0,0,0
1,0,0,0
1,0,0,0
1,0,0,0
1,0,0,0
1,0,0,0
1,0,0,0
1,0,0,0
1,0,0,0
1,0,0,0
1,0,0,0
1,0,0,0
1,0,0,0
1,0,0,0
1,0,0,0
1,0,0,0
1,0,0,0
1,0,0,0
1,0,0,0
1,0,0,0
1,0,0,0
1,0,0,0
1,0,0,0
1,0,0,0
1,0,0,0
1,0,0,0
1,0,0,0
1,0,0,0
1,0,0,0
1,0,0,0
1,0,0,0
1,0,0,0
1,0,0,0
1,0,0,0
1,0,0,0
1,0,0,0
1,0,0,0
1,0,0,0
1,0,0,0
1,0,0,0
1,0,0,0
1,0,0,0
1,0,0,0
1,0,0,0
1,0,0,0
1,0,0,0
1,0,0,0
1,0,0,0
1,0,0,0
1,0,0,0
1,0,0,0
1,0,0,0
1,0,0,0
1,0,0,0
1,0,0,0
1,0,0,0
1,0,0,0
1,0,0,0
1,0,0,0
1,0,0,0
1,0,0,0
1,0,0,0
1,0,0,0
1,0,0,0
1,0,0,0
1,0,0,0
1,0,0,0
1,0,0,0
1,0,0,0
1,0,0,0
1,0,0,0
1,0,0,0
1,0,0,0
1,0,0,0
1,0,0,0
0,1,0,0
0,1,0,0
0,1,0,0
0,1,0,0
0,1,0,0
0,1,0,0
0,1,0,0
0,1,0,0
0,1,0,0
0,1,0,0
0,1,0,0
0,1,0,0
0,1,0,0
0,1,0,0
0,1,0,0
0,1,0,0
0,1,0,0
0,1,0,0
0,1,0,0
0,1,0,0
0,1,0,0
0,1,0,0
0,1,0,0
0,1,0,0
0,1,0,0
0,1,0,0
0,1,0,0
0,1,0,0
0,1,0,0
0,1,0,0
0,1,0,0
0,1,0,0
0,1,0,0
0,1,0,0
0,1,0,0
0,1,0,0
0,1,0,0
0,1,0,0
0,1,0,0
0,1,0,0
0,1,0,0
0,1,0,0
0,1,0,0
0,1,0,0
0,1,0,0
0,1,0,0
0,1,0,0
0,1,0,0
0,1,0,0
0,1,0,0
0,1,0,0
0,1,0,0
0,1,0,0
0,1,0,0
0,1,0,0
0,1,0,0
0,1,0,0
0,1,0,0
0,1,0,0
0,1,0,0
0,1,0,0
0,1,0,0
0,1,0,0
0,1,0,0
0,1,0,0
0,1,0,0
0,1,0,0
0,1,0,0
0,1,0,0
0,1,0,0
0,1,0,0
0,1,0,0
0,1,0,0
0,1,0,0
0,1,0,0
0,1,0,0
0,1,0,0
0,1,0,0
0,1,0,0
0,1,0,0
0,1,0,0
0,1,0,0
0,1,0,0
0,1,0,0
0,1,0,0
0,1,0,0
0,1,0,0
0,1,0,0
0,1,0,0
0,1,0,0
0,1,0,0
0,1,0,0
0,1,0,0
0,1,0,0
0,1,0,0
0,1,0,0
0,1,0,0
0,1,0,0
0,1,0,0
0,1,0,0
0,0,1,0
0,0,1,0
0,0,1,0
0,0,1,0
0,0,1,0
0,0,1,0
0,0,1,0
0,0,1,0
0,0,1,0
0,0,1,0
0,0,1,0
0,0,1,0
0,0,1,0
0,0,1,0
0,0,1,0
0,0,1,0
0,0,1,0
0,0,1,0
0,0,1,0
0,0,1,0
0,0,1,0
0,0,1,0
0,0,1,0
0,0,1,0
0,0,1,0
0,0,1,0
0,0,1,0
0,0,1,0
0,0,1,0
0,0,1,0
0,0,1,0
0,0,1,0
0,0,1,0
0,0,1,0
0,0,1,0
0,0,1,0
0,0,1,0
0,0,1,0
0,0,1,0
0,0,1,0
0,0,1,0
0,0,1,0
0,0,1,0
0,0,1,0
0,0,1,0
0,0,1,0
0,0,1,0
0,0,1,0
0,0,1,0
0,0,1,0
0,0,1,0
0,0,1,0
0,0,1,0
0,0,1,0
0,0,1,0
0,0,1,0
0,0,1,0
0,0,1,0
0,0,1,0
0,0,1,0
0,0,1,0
0,0,1,0
0,0,1,0
0,0,1,0
0,0,1,0
0,0,1,0
0,0,1,0
0,0,1,0
0,0,1,0
0,0,1,0
0,0,1,0
0,0,1,0
0,0,1,0
0,0,1,0
0,0,1,0
0,0,1,0
0,0,1,0
0,0,1,0
0,0,1,0
0,0,1,0
0,0,1,0
0,0,1,0
0,0,1,0
0,0,1,0
0,0,1,0
0,0,1,0
0,0,1,0
0,0,1,0
0,0,1,0
0,0,1,0
0,0,1,0
0,0,1,0
0,0,1,0
0,0,1,0
0,0,1,0
0,0,1,0
0,0,1,0
0,0,1,0
0,0,1,0
0,0,1,0
0,0,0,1
0,0,0,1
0,0,0,1
0,0,0,1
0,0,0,1
0,0,0,1
0,0,0,1
0,0,0,1
0,0,0,1
0,0,0,1
0,0,0,1
0,0,0,1
0,0,0,1
0,0,0,1
0,0,0,1
0,0,0,1
0,0,0,1
0,0,0,1
0,0,0,1
0,0,0,1
0,0,0,1
0,0,0,1
0,0,0,1
0,0,0,1
0,0,0,1
0,0,0,1
0,0,0,1
0,0,0,1
0,0,0,1
0,0,0,1
0,0,0,1
0,0,0,1
0,0,0,1
0,0,0,1
0,0,0,1
0,0,0,1
0,0,0,1
0,0,0,1
0,0,0,1
0,0,0,1
0,0,0,1
0,0,0,1
0,0,0,1
0,0,0,1
0,0,0,1
0,0,0,1
0,0,0,1
0,0,0,1
0,0,0,1
0,0,0,1
0,0,0,1
0,0,0,1
0,0,0,1
0,0,0,1
0,0,0,1
0,0,0,1
0,0,0,1
0,0,0,1
0,0,0,1
0,0,0,1
0,0,0,1
0,0,0,1
0,0,0,1
0,0,0,1
0,0,0,1
0,0,0,1
0,0,0,1
0,0,0,1
0,0,0,1
0,0,0,1
0,0,0,1
0,0,0,1
0,0,0,1
0,0,0,1
0,0,0,1
0,0,0,1
0,0,0,1
0,0,0,1
0,0,0,1
0,0,0,1
0,0,0,1
0,0,0,1
0,0,0,1
0,0,0,1
0,0,0,1
0,0,0,1
0,0,0,1
0,0,0,1
0,0,0,1
0,0,0,1
0,0,0,1
0,0,0,1
0,0,0,1
0,0,0,1
0,0,0,1
0,0,0,1
0,0,0,1
0,0,0,1
0,0,0,1
0,0,0,1
