9
0
0
3
0
0
1
108,1
80.56
2.64
54.20
-5.48
-37.59
6.82
-7.81
-30.59
1.53
29.14
-10.10
-33.93
-2.24
-3.61
-18.30
28.76
27.25
-73.64
-14.97
-15.06
11.56
-34.15
0.07
5.61
-74.05
65.47
47.19
-28.51
-6.35
-8.36
52.21
-0.50
18.50
-9.36
-23.27
-19.00
-16.14
-3.47
-0.97
4.78
-0.25
-0.41
-1.63
-2.36
-7.01
-7.81
-1.36
-0.74
-0.40
-0.34
-0.86
-0.97
-1.89
-7.31
6.70
-1.54
-2.03
-38.52
-6.04
-8.06
16.55
40.07
81.77
11.19
-0.18
-0.25
-5.94
-1.18
-1.56
1.18
8.41
2.86
32.84
-0.39
-1.00
-5.41
-1.56
-2.24
5.29
11.28
42.21
-6.43
-0.69
-1.04
-5.13
-1.76
-2.73
-1.20
-5.26
-4.87
-0.55
-0.81
-0.81
-10.23
-1.69
-4.48
-1.86
-2.97
-12.71
20.95
-1.90
-1.54
-6.55
-2.53
-4.68
-4.93
-13.57
-19.02
0,0
