3
0
11
0
255
0
0
375,1
0.93
0.28
0.47
-0.22
0.68
0.66
0.91
-0.49
-0.81
-0.34
-0.27
0.79
-0.62
-0.12
0.26
0.21
-0.23
0.33
0.39
0.03
0.08
-0.57
-0.64
-0.50
-0.90
-0.76
0.81
-0.83
-0.05
0.07
-0.43
-0.02
0.20
0.77
0.84
0.01
0.15
0.09
0.20
0.47
-0.76
0.88
0.27
-0.71
-0.84
-0.58
-0.99
-0.27
0.59
-0.97
-0.61
-0.38
-0.62
0.00
0.11
-0.44
0.24
-0.13
-0.34
-0.07
-0.79
0.09
-0.44
0.97
0.18
-0.60
-0.00
-0.67
-0.95
-0.91
0.98
-0.78
1.14
0.39
-0.16
-0.81
0.61
-0.42
0.03
0.35
-0.24
0.39
0.80
0.02
-0.76
-0.13
0.45
0.46
0.80
-0.85
-0.52
-1.04
0.55
0.12
-0.99
-0.43
0.54
-0.02
-0.09
0.58
0.04
0.10
0.76
0.04
-0.90
-0.59
0.24
0.73
-0.00
-0.96
-0.16
0.45
0.26
-0.33
-0.45
0.60
0.53
1.15
0.54
0.42
-0.86
0.65
0.39
0.60
-0.20
0.36
-0.76
-0.59
-0.63
0.33
0.84
0.51
-0.59
0.78
-0.49
-0.39
-0.86
0.76
-0.62
0.07
0.85
0.23
-0.33
0.17
0.82
0.03
-0.29
0.38
0.05
0.85
-0.30
0.13
0.46
-0.97
-0.32
-0.92
0.39
0.12
-0.40
0.81
-0.68
-0.61
0.24
-0.13
-0.73
0.97
0.48
-0.66
0.78
0.81
0.39
0.43
0.08
-1.09
-0.48
-0.38
0.19
0.43
-0.98
-0.79
0.21
-0.14
0.16
-0.26
-0.15
1.00
-0.17
-0.68
0.04
0.49
-0.82
0.46
1.01
0.50
-0.65
-0.73
0.42
0.78
-0.40
0.15
0.43
-0.91
-0.46
-0.53
-0.87
0.10
0.21
0.19
-0.68
0.25
0.25
0.53
1.00
-0.57
-0.93
-0.14
-0.60
-0.14
0.13
0.50
-0.55
0.33
-0.04
-0.48
-0.17
0.44
-0.34
-0.69
0.17
0.39
0.31
-0.19
0.37
0.95
0.16
0.39
-0.11
-0.52
-0.41
0.37
0.58
0.81
-0.19
0.69
-0.73
-0.12
-0.52
-0.28
0.94
0.58
-0.79
-0.63
0.01
0.17
-0.26
0.84
-0.20
0.30
-1.06
0.99
-0.28
0.33
-0.31
-0.95
0.25
-0.97
0.69
-0.69
-0.59
-0.66
0.61
-0.83
-0.71
-0.41
0.94
-0.48
0.48
-0.56
0.29
0.43
-0.45
0.59
0.67
0.04
-0.09
-0.40
-0.04
0.54
0.91
0.02
0.50
-0.58
-0.68
-0.75
-0.40
0.60
-0.82
-0.87
1.18
-0.34
-0.61
0.59
-0.18
-0.42
-0.88
-0.33
0.10
0.60
0.04
-0.63
-0.03
0.05
1.12
-0.34
-0.99
-0.29
0.47
-0.22
-0.84
-0.33
0.63
0.12
0.00
0.79
0.74
0.64
0.42
0.91
0.63
0.41
-0.64
0.62
-0.16
0.05
-0.73
-0.06
-0.93
0.63
-0.41
0.14
-0.98
0.54
-0.84
0.68
-0.85
-0.84
-0.44
0.10
-0.09
-0.29
0.73
-0.52
-0.71
-0.25
-0.72
-0.96
-0.76
0.67
0.92
0.82
-0.13
-1.02
0.64
0.75
0.80
-0.66
-0.29
-0.98
-1.02
0.27
-0.40
-1.04
-0.19
0.23
0.40
375,11
1,0,0,0,0,0,0,0,0,0,0
1,0,0,0,0,0,0,0,0,0,0
1,0,0,0,0,0,0,0,0,0,0
0,1,0,0,0,0,0,0,0,0,0
0,1,0,0,0,0,0,0,0,0,0
0,1,0,0,0,0,0,0,0,0,0
0,0,1,0,0,0,0,0,0,0,0
0,0,1,0,0,0,0,0,0,0,0
0,0,1,0,0,0,0,0,0,0,0
0,0,0,1,0,0,0,0,0,0,0
0,0,0,1,0,0,0,0,0,0,0
0,0,0,1,0,0,0,0,0,0,0
0,0,0,0,1,0,0,0,0,0,0
0,0,0,0,1,0,0,0,0,0,0
0,0,0,0,1,0,0,0,0,0,0
0,0,0,0,0,1,0,0,0,0,0
0,0,0,0,0,1,0,0,0,0,0
0,0,0,0,0,1,0,0,0,0,0
0,0,0,0,0,0,1,0,0,0,0
0,0,0,0,0,0,1,0,0,0,0
0,0,0,0,0,0,1,0,0,0,0
0,0,0,0,0,0,0,1,0,0,0
0,0,0,0,0,0,0,1,0,0,0
0,0,0,0,0,0,0,1,0,0,0
0,0,0,0,0,0,0,0,1,0,0
0,0,0,0,0,0,0,0,1,0,0
0,0,0,0,0,0,0,0,1,0,0
0,0,0,0,0,0,0,0,0,1,0
0,0,0,0,0,0,0,0,0,1,0
0,0,0,0,0,0,0,0,0,1,0
0,0,0,0,0,0,0,0,0,0,1
0,0,0,0,0,0,0,0,0,0,1
0,0,0,0,0,0,0,0,0,0,1
1,1,1,1,1,1,1,1,1,1,1
1,1,1,1,1,1,1,1,1,1,1
1,1,1,1,1,1,1,1,1,1,1
1,1,1,1,1,1,1,1,1,1,1
1,1,1,1,1,1,1,1,1,1,1
1,1,1,1,1,1,1,1,1,1,1
1,1,1,1,1,1,1,1,1,1,1
1,1,1,1,1,1,1,1,1,1,1
1,1,1,1,1,1,1,1,1,1,1
1,1,1,1,1,1,1,1,1,1,1
1,1,1,1,1,1,1,1,1,1,1
1,1,1,1,1,1,1,1,1,1,1
1,1,1,1,1,1,1,1,1,1,1
1,1,1,1,1,1,1,1,1,1,1
1,1,1,1,1,1,1,1,1,1,1
1,1,1,1,1,1,1,1,1,1,1
1,1,1,1,1,1,1,1,1,1,1
1,1,1,1,1,1,1,1,1,1,1
1,1,1,1,1,1,1,1,1,1,1
1,1,1,1,1,1,1,1,1,1,1
1,1,1,1,1,1,1,1,1,1,1
1,1,1,1,1,1,1,1,1,1,1
1,1,1,1,1,1,1,1,1,1,1
1,1,1,1,1,1,1,1,1,1,1
1,1,1,1,1,1,1,1,1,1,1
1,1,1,1,1,1,1,1,1,1,1
1,1,1,1,1,1,1,1,1,1,1
1,1,1,1,1,1,1,1,1,1,1
1,1,1,1,1,1,1,1,1,1,1
1,1,1,1,1,1,1,1,1,1,1
1,1,1,1,1,1,1,1,1,1,1
1,1,1,1,1,1,1,1,1,1,1
1,1,1,1,1,1,1,1,1,1,1
1,1,1,1,1,1,1,1,1,1,1
1,1,1,1,1,1,1,1,1,1,1
1,1,1,1,1,1,1,1,1,1,1
1,1,1,1,1,1,1,1,1,1,1
1,1,1,1,1,1,1,1,1,1,1
1,1,1,1,1,1,1,1,1,1,1
1,1,1,1,1,1,1,1,1,1,1
1,1,1,1,1,1,1,1,1,1,1
1,1,1,1,1,1,1,1,1,1,1
1,1,1,1,1,1,1,1,1,1,1
1,1,1,1,1,1,1,1,1,1,1
1,1,1,1,1,1,1,1,1,1,1
1,1,1,1,1,1,1,1,1,1,1
1,1,1,1,1,1,1,1,1,1,1
1,1,1,1,1,1,1,1,1,1,1
1,1,1,1,1,1,1,1,1,1,1
1,1,1,1,1,1,1,1,1,1,1
1,1,1,1,1,1,1,1,1,1,1
1,1,1,1,1,1,1,1,1,1,1
1,1,1,1,1,1,1,1,1,1,1
1,1,1,1,1,1,1,1,1,1,1
1,1,1,1,1,1,1,1,1,1,1
1,1,1,1,1,1,1,1,1,1,1
1,1,1,1,1,1,1,1,1,1,1
1,1,1,1,1,1,1,1,1,1,1
1,1,1,1,1,1,1,1,1,1,1
1,1,1,1,1,1,1,1,1,1,1
1,1,1,1,1,1,1,1,1,1,1
1,1,1,1,1,1,1,1,1,1,1
1,1,1,1,1,1,1,1,1,1,1
1,1,1,1,1,1,1,1,1,1,1
1,1,1,1,1,1,1,1,1,1,1
1,1,1,1,1,1,1,1,1,1,1
1,1,1,1,1,1,1,1,1,1,1
1,1,1,1,1,1,1,1,1,1,1
1,1,1,1,1,1,1,1,1,1,1
1,1,1,1,1,1,1,1,1,1,1
1,1,1,1,1,1,1,1,1,1,1
1,1,1,1,1,1,1,1,1,1,1
1,1,1,1,1,1,1,1,1,1,1
1,1,1,1,1,1,1,1,1,1,1
1,1,1,1,1,1,1,1,1,1,1
1,1,1,1,1,1,1,1,1,1,1
1,1,1,1,1,1,1,1,1,1,1
1,1,1,1,1,1,1,1,1,1,1
1,1,1,1,1,1,1,1,1,1,1
1,1,1,1,1,1,1,1,1,1,1
1,1,1,1,1,1,1,1,1,1,1
1,1,1,1,1,1,1,1,1,1,1
1,1,1,1,1,1,1,1,1,1,1
1,1,1,1,1,1,1,1,1,1,1
1,1,1,1,1,1,1,1,1,1,1
1,1,1,1,1,1,1,1,1,1,1
1,1,1,1,1,1,1,1,1,1,1
1,1,1,1,1,1,1,1,1,1,1
1,1,1,1,1,1,1,1,1,1,1
1,1,1,1,1,1,1,1,1,1,1
1,1,1,1,1,1,1,1,1,1,1
1,1,1,1,1,1,1,1,1,1,1
1,1,1,1,1,1,1,1,1,1,1
1,1,1,1,1,1,1,1,1,1,1
1,1,1,1,1,1,1,1,1,1,1
1,1,1,1,1,1,1,1,1,1,1
1,1,1,1,1,1,1,1,1,1,1
1,1,1,1,1,1,1,1,1,1,1
1,1,1,1,1,1,1,1,1,1,1
1,1,1,1,1,1,1,1,1,1,1
1,1,1,1,1,1,1,1,1,1,1
1,1,1,1,1,1,1,1,1,1,1
1,1,1,1,1,1,1,1,1,1,1
1,1,1,1,1,1,1,1,1,1,1
1,1,1,1,1,1,1,1,1,1,1
1,1,1,1,1,1,1,1,1,1,1
1,1,1,1,1,1,1,1,1,1,1
1,1,1,1,1,1,1,1,1,1,1
1,1,1,1,1,1,1,1,1,1,1
1,1,1,1,1,1,1,1,1,1,1
1,1,1,1,1,1,1,1,1,1,1
1,1,1,1,1,1,1,1,1,1,1
1,1,1,1,1,1,1,1,1,1,1
1,1,1,1,1,1,1,1,1,1,1
1,1,1,1,1,1,1,1,1,1,1
1,1,1,1,1,1,1,1,1,1,1
1,1,1,1,1,1,1,1,1,1,1
1,1,1,1,1,1,1,1,1,1,1
1,1,1,1,1,1,1,1,1,1,1
1,1,1,1,1,1,1,1,1,1,1
1,1,1,1,1,1,1,1,1,1,1
1,1,1,1,1,1,1,1,1,1,1
1,1,1,1,1,1,1,1,1,1,1
1,1,1,1,1,1,1,1,1,1,1
1,1,1,1,1,1,1,1,1,1,1
1,1,1,1,1,1,1,1,1,1,1
1,1,1,1,1,1,1,1,1,1,1
1,1,1,1,1,1,1,1,1,1,1
1,1,1,1,1,1,1,1,1,1,1
1,1,1,1,1,1,1,1,1,1,1
1,1,1,1,1,1,1,1,1,1,1
1,1,1,1,1,1,1,1,1,1,1
1,1,1,1,1,1,1,1,1,1,1
1,1,1,1,1,1,1,1,1,1,1
1,1,1,1,1,1,1,1,1,1,1
1,1,1,1,1,1,1,1,1,1,1
1,1,1,1,1,1,1,1,1,1,1
1,1,1,1,1,1,1,1,1,1,1
1,1,1,1,1,1,1,1,1,1,1
1,1,1,1,1,1,1,1,1,1,1
1,1,1,1,1,1,1,1,1,1,1
1,1,1,1,1,1,1,1,1,1,1
1,1,1,1,1,1,1,1,1,1,1
1,1,1,1,1,1,1,1,1,1,1
1,1,1,1,1,1,1,1,1,1,1
1,1,1,1,1,1,1,1,1,1,1
1,1,1,1,1,1,1,1,1,1,1
1,1,1,1,1,1,1,1,1,1,1
1,1,1,1,1,1,1,1,1,1,1
1,1,1,1,1,1,1,1,1,1,1
1,1,1,1,1,1,1,1,1,1,1
1,1,1,1,1,1,1,1,1,1,1
1,1,1,1,1,1,1,1,1,1,1
1,1,1,1,1,1,1,1,1,1,1
1,1,1,1,1,1,1,1,1,1,1
1,1,1,1,1,1,1,1,1,1,1
1,1,1,1,1,1,1,1,1,1,1
1,1,1,1,1,1,1,1,1,1,1
1,1,1,1,1,1,1,1,1,1,1
1,1,1,1,1,1,1,1,1,1,1
1,1,1,1,1,1,1,1,1,1,1
1,1,1,1,1,1,1,1,1,1,1
1,1,1,1,1,1,1,1,1,1,1
1,1,1,1,1,1,1,1,1,1,1
1,1,1,1,1,1,1,1,1,1,1
1,1,1,1,1,1,1,1,1,1,1
1,1,1,1,1,1,1,1,1,1,1
1,1,1,1,1,1,1,1,1,1,1
1,1,1,1,1,1,1,1,1,1,1
1,1,1,1,1,1,1,1,1,1,1
1,1,1,1,1,1,1,1,1,1,1
1,1,1,1,1,1,1,1,1,1,1
1,1,1,1,1,1,1,1,1,1,1
1,1,1,1,1,1,1,1,1,1,1
1,1,1,1,1,1,1,1,1,1,1
1,1,1,1,1,1,1,1,1,1,1
1,1,1,1,1,1,1,1,1,1,1
1,1,1,1,1,1,1,1,1,1,1
1,1,1,1,1,1,1,1,1,1,1
1,1,1,1,1,1,1,1,1,1,1
1,1,1,1,1,1,1,1,1,1,1
1,1,1,1,1,1,1,1,1,1,1
1,1,1,1,1,1,1,1,1,1,1
1,1,1,1,1,1,1,1,1,1,1
1,1,1,1,1,1,1,1,1,1,1
1,1,1,1,1,1,1,1,1,1,1
1,1,1,1,1,1,1,1,1,1,1
1,1,1,1,1,1,1,1,1,1,1
1,1,1,1,1,1,1,1,1,1,1
1,1,1,1,1,1,1,1,1,1,1
1,1,1,1,1,1,1,1,1,1,1
1,1,1,1,1,1,1,1,1,1,1
1,1,1,1,1,1,1,1,1,1,1
1,1,1,1,1,1,1,1,1,1,1
1,1,1,1,1,1,1,1,1,1,1
1,1,1,1,1,1,1,1,1,1,1
1,1,1,1,1,1,1,1,1,1,1
1,1,1,1,1,1,1,1,1,1,1
1,1,1,1,1,1,1,1,1,1,1
1,1,1,1,1,1,1,1,1,1,1
1,1,1,1,1,1,1,1,1,1,1
1,1,1,1,1,1,1,1,1,1,1
1,1,1,1,1,1,1,1,1,1,1
1,1,1,1,1,1,1,1,1,1,1
1,1,1,1,1,1,1,1,1,1,1
1,1,1,1,1,1,1,1,1,1,1
1,1,1,1,1,1,1,1,1,1,1
1,1,1,1,1,1,1,1,1,1,1
1,1,1,1,1,1,1,1,1,1,1
1,1,1,1,1,1,1,1,1,1,1
1,1,1,1,1,1,1,1,1,1,1
1,1,1,1,1,1,1,1,1,1,1
1,1,1,1,1,1,1,1,1,1,1
1,1,1,1,1,1,1,1,1,1,1
1,1,1,1,1,1,1,1,1,1,1
1,1,1,1,1,1,1,1,1,1,1
1,1,1,1,1,1,1,1,1,1,1
1,1,1,1,1,1,1,1,1,1,1
1,1,1,1,1,1,1,1,1,1,1
1,1,1,1,1,1,1,1,1,1,1
1,1,1,1,1,1,1,1,1,1,1
1,1,1,1,1,1,1,1,1,1,1
1,1,1,1,1,1,1,1,1,1,1
1,1,1,1,1,1,1,1,1,1,1
1,1,1,1,1,1,1,1,1,1,1
1,1,1,1,1,1,1,1,1,1,1
1,1,1,1,1,1,1,1,1,1,1
1,1,1,1,1,1,1,1,1,1,1
1,1,1,1,1,1,1,1,1,1,1
1,1,1,1,1,1,1,1,1,1,1
1,1,1,1,1,1,1,1,1,1,1
1,1,1,1,1,1,1,1,1,1,1
1,1,1,1,1,1,1,1,1,1,1
1,1,1,1,1,1,1,1,1,1,1
1,1,1,1,1,1,1,1,1,1,1
1,1,1,1,1,1,1,1,1,1,1
1,1,1,1,1,1,1,1,1,1,1
1,1,1,1,1,1,1,1,1,1,1
1,1,1,1,1,1,1,1,1,1,1
1,1,1,1,1,1,1,1,1,1,1
1,1,1,1,1,1,1,1,1,1,1
1,1,1,1,1,1,1,1,1,1,1
1,1,1,1,1,1,1,1,1,1,1
1,0,0,0,0,0,0,0,0,0,0
1,0,0,0,0,0,0,0,0,0,0
1,0,0,0,0,0,0,0,0,0,0
1,0,0,0,0,0,0,0,0,0,0
1,0,0,0,0,0,0,0,0,0,0
1,0,0,0,0,0,0,0,0,0,0
1,0,0,0,0,0,0,0,0,0,0
1,0,0,0,0,0,0,0,0,0,0
1,0,0,0,0,0,0,0,0,0,0
0,1,0,0,0,0,0,0,0,0,0
0,1,0,0,0,0,0,0,0,0,0
0,1,0,0,0,0,0,0,0,0,0
0,1,0,0,0,0,0,0,0,0,0
0,1,0,0,0,0,0,0,0,0,0
0,1,0,0,0,0,0,0,0,0,0
0,1,0,0,0,0,0,0,0,0,0
0,1,0,0,0,0,0,0,0,0,0
0,1,0,0,0,0,0,0,0,0,0
0,0,1,0,0,0,0,0,0,0,0
0,0,1,0,0,0,0,0,0,0,0
0,0,1,0,0,0,0,0,0,0,0
0,0,1,0,0,0,0,0,0,0,0
0,0,1,0,0,0,0,0,0,0,0
0,0,1,0,0,0,0,0,0,0,0
0,0,1,0,0,0,0,0,0,0,0
0,0,1,0,0,0,0,0,0,0,0
0,0,1,0,0,0,0,0,0,0,0
0,0,0,1,0,0,0,0,0,0,0
0,0,0,1,0,0,0,0,0,0,0
0,0,0,1,0,0,0,0,0,0,0
0,0,0,1,0,0,0,0,0,0,0
0,0,0,1,0,0,0,0,0,0,0
0,0,0,1,0,0,0,0,0,0,0
0,0,0,1,0,0,0,0,0,0,0
0,0,0,1,0,0,0,0,0,0,0
0,0,0,1,0,0,0,0,0,0,0
0,0,0,0,1,0,0,0,0,0,0
0,0,0,0,1,0,0,0,0,0,0
0,0,0,0,1,0,0,0,0,0,0
0,0,0,0,1,0,0,0,0,0,0
0,0,0,0,1,0,0,0,0,0,0
0,0,0,0,1,0,0,0,0,0,0
0,0,0,0,1,0,0,0,0,0,0
0,0,0,0,1,0,0,0,0,0,0
0,0,0,0,1,0,0,0,0,0,0
0,0,0,0,0,1,0,0,0,0,0
0,0,0,0,0,1,0,0,0,0,0
0,0,0,0,0,1,0,0,0,0,0
0,0,0,0,0,1,0,0,0,0,0
0,0,0,0,0,1,0,0,0,0,0
0,0,0,0,0,1,0,0,0,0,0
0,0,0,0,0,1,0,0,0,0,0
0,0,0,0,0,1,0,0,0,0,0
0,0,0,0,0,1,0,0,0,0,0
0,0,0,0,0,0,1,0,0,0,0
0,0,0,0,0,0,1,0,0,0,0
0,0,0,0,0,0,1,0,0,0,0
0,0,0,0,0,0,1,0,0,0,0
0,0,0,0,0,0,1,0,0,0,0
0,0,0,0,0,0,1,0,0,0,0
0,0,0,0,0,0,1,0,0,0,0
0,0,0,0,0,0,1,0,0,0,0
0,0,0,0,0,0,1,0,0,0,0
0,0,0,0,0,0,0,1,0,0,0
0,0,0,0,0,0,0,1,0,0,0
0,0,0,0,0,0,0,1,0,0,0
0,0,0,0,0,0,0,1,0,0,0
0,0,0,0,0,0,0,1,0,0,0
0,0,0,0,0,0,0,1,0,0,0
0,0,0,0,0,0,0,1,0,0,0
0,0,0,0,0,0,0,1,0,0,0
0,0,0,0,0,0,0,1,0,0,0
0,0,0,0,0,0,0,0,1,0,0
0,0,0,0,0,0,0,0,1,0,0
0,0,0,0,0,0,0,0,1,0,0
0,0,0,0,0,0,0,0,1,0,0
0,0,0,0,0,0,0,0,1,0,0
0,0,0,0,0,0,0,0,1,0,0
0,0,0,0,0,0,0,0,1,0,0
0,0,0,0,0,0,0,0,1,0,0
0,0,0,0,0,0,0,0,1,0,0
0,0,0,0,0,0,0,0,0,1,0
0,0,0,0,0,0,0,0,0,1,0
0,0,0,0,0,0,0,0,0,1,0
0,0,0,0,0,0,0,0,0,1,0
0,0,0,0,0,0,0,0,0,1,0
0,0,0,0,0,0,0,0,0,1,0
0,0,0,0,0,0,0,0,0,1,0
0,0,0,0,0,0,0,0,0,1,0
0,0,0,0,0,0,0,0,0,1,0
0,0,0,0,0,0,0,0,0,0,1
0,0,0,0,0,0,0,0,0,0,1
0,0,0,0,0,0,0,0,0,0,1
0,0,0,0,0,0,0,0,0,0,1
0,0,0,0,0,0,0,0,0,0,1
0,0,0,0,0,0,0,0,0,0,1
0,0,0,0,0,0,0,0,0,0,1
0,0,0,0,0,0,0,0,0,0,1
0,0,0,0,0,0,0,0,0,0,1
