10
0
11
0
920
0
0
2020,1
0.75
0.58
0.94
0.99
0.44
0.11
0.32
0.07
0.14
0.01
0.70
-0.08
-0.50
-0.36
0.76
0.75
-0.06
0.16
0.02
-0.42
0.80
-0.37
-0.01
0.18
0.39
0.03
-0.12
-0.58
-0.30
0.73
-0.30
-0.56
-0.04
-0.41
-0.58
-0.60
-0.87
0.61
0.28
0.26
-0.76
0.09
0.51
-0.39
0.56
0.79
-0.59
-0.53
-0.38
0.87
-0.90
-0.14
0.96
0.10
0.59
0.61
0.96
-0.79
0.45
0.16
-0.89
-0.84
0.10
0.07
-0.27
0.38
0.48
-0.41
0.21
-0.22
-0.87
0.32
0.73
0.62
-0.94
0.24
-0.19
-0.54
0.34
0.30
0.82
-0.85
0.70
0.74
-0.47
0.40
-0.00
-0.58
0.96
-0.54
0.14
-0.92
-0.29
-0.76
0.15
0.46
0.44
-0.06
-0.69
0.12
0.35
-0.86
-0.61
0.06
-0.93
-0.62
-0.69
-0.32
-0.10
-1.47
-0.58
-0.28
0.16
-0.68
-0.48
0.85
0.81
0.64
-0.83
0.77
-0.79
0.30
0.84
-0.07
0.54
-0.01
-0.63
0.29
0.60
-0.32
-0.76
-0.04
0.14
-0.34
-0.97
0.19
0.13
-0.60
-0.86
-0.98
-0.90
-0.44
-0.25
0.26
-0.11
0.26
-0.07
-0.31
-0.11
0.09
-0.54
0.10
-0.59
-0.70
-0.97
0.94
0.30
-0.60
0.23
-0.11
0.09
0.48
0.85
-0.80
-0.86
0.89
0.40
0.25
-0.71
0.54
0.28
-0.63
-0.89
-0.95
0.63
-0.03
0.31
-0.42
0.67
-0.80
0.67
-0.88
0.30
-0.91
-0.58
0.34
-0.97
0.72
0.73
0.26
-0.40
-0.22
-0.27
-0.65
-0.16
-0.78
-1.09
-0.55
-0.86
-0.39
1.09
0.43
0.09
-0.76
0.31
-0.32
0.20
-0.09
0.16
-0.30
-0.08
0.03
-0.30
-0.90
-0.02
0.21
0.60
-0.15
-0.11
0.04
-0.81
0.59
-0.80
-0.12
-1.01
-0.13
0.83
-0.64
0.65
0.91
0.11
0.74
0.49
1.06
0.74
-0.15
-0.33
-0.03
0.60
0.92
0.57
-0.51
-0.48
-0.72
0.04
0.34
0.53
-0.33
-0.17
-0.76
0.96
0.05
-0.46
0.53
0.37
-0.53
-0.06
0.47
-0.70
-0.53
0.36
0.73
-0.69
0.11
0.43
1.00
0.73
-0.76
-0.11
0.69
-0.77
-0.82
-0.83
-0.27
-0.48
-0.01
-0.64
-0.84
0.41
-0.04
-0.23
0.12
0.81
0.00
-0.05
0.63
0.29
0.96
0.32
0.95
-0.45
-0.00
0.60
-0.23
-0.92
0.24
-0.33
-0.96
0.49
0.31
0.64
0.52
0.47
0.87
-0.74
1.00
-0.13
-0.37
-0.89
-0.72
0.58
-0.11
0.34
0.39
0.90
-0.66
0.01
0.16
-0.76
-0.65
0.14
-0.16
0.33
-0.29
0.59
0.41
0.95
-0.75
0.46
0.43
0.56
0.15
-0.04
0.03
-0.03
0.25
0.00
0.78
0.85
0.13
-0.86
0.40
-1.01
0.47
-0.21
0.89
0.82
0.83
0.05
-0.89
-0.85
-0.86
-0.06
0.48
-0.12
-0.42
-0.08
-0.09
-0.01
-0.62
-0.72
-0.64
0.51
0.25
0.39
-0.52
-0.50
-0.59
-0.66
-0.70
0.55
-0.54
0.73
0.52
0.95
-0.46
0.41
0.79
-0.68
-0.53
0.94
-0.49
-0.36
-0.18
0.96
0.52
0.42
-0.10
-0.64
-0.84
0.23
-0.36
-0.52
-0.18
0.88
0.92
0.23
-0.67
-0.69
0.65
-0.31
0.87
-0.97
-0.62
0.43
-0.98
-0.11
-0.13
0.80
0.20
0.26
0.71
0.69
0.90
-0.58
0.69
0.49
0.81
-0.51
0.79
1.01
0.76
-0.61
-0.50
-0.54
-0.74
-0.58
0.73
-0.38
-0.26
0.31
0.30
-0.41
0.38
0.70
-0.98
0.42
-0.37
-0.03
0.36
0.84
-0.84
-0.18
0.53
-0.92
0.28
0.19
0.53
0.13
0.70
0.23
0.12
0.46
0.63
0.58
0.96
0.91
-1.00
0.69
-0.52
-0.24
0.05
0.80
0.34
-0.62
0.47
0.35
0.84
-0.91
-0.79
-0.06
0.93
-0.64
0.78
0.46
-0.59
0.07
-0.31
0.96
-0.79
-0.62
0.19
0.30
0.87
-0.14
-0.04
0.79
-0.30
-0.01
0.48
0.18
0.64
-0.47
-0.06
-0.03
-0.16
-0.50
-0.59
-0.37
-0.46
-0.42
0.68
-0.55
-0.02
0.39
0.89
0.41
-0.51
-0.44
0.37
-0.30
-0.08
-0.44
-1.02
-0.19
0.46
-0.03
-0.23
-0.64
1.81
-0.32
0.35
0.55
-0.46
-0.81
-0.45
0.27
-0.40
0.10
-0.99
0.09
0.24
0.74
0.79
-0.61
-0.13
0.84
1.00
0.57
-0.71
0.06
-0.53
0.42
0.97
-0.59
1.00
0.14
0.17
-0.22
0.63
0.25
-0.32
-0.28
-0.43
0.14
-0.23
0.00
-0.60
0.79
-0.98
-0.41
-0.26
0.48
-0.91
-0.23
1.00
0.73
-0.60
0.41
0.48
-0.38
-0.57
-0.04
1.21
-0.87
0.20
0.44
1.05
0.33
-1.10
-0.11
1.08
0.57
0.80
0.07
-1.03
-0.73
0.87
0.07
-1.00
1.16
0.61
-0.32
0.32
0.59
0.88
0.43
0.33
-0.75
0.14
-0.69
0.32
0.99
0.73
-0.37
-0.48
0.32
-0.62
-0.87
-0.83
-0.29
0.05
-0.90
0.68
-0.53
-0.28
0.86
-0.14
-0.50
-0.39
-0.08
-0.58
-0.93
-0.98
0.83
0.87
0.88
0.21
0.41
-0.91
-0.61
0.62
-0.04
-0.68
0.53
0.63
-0.02
-0.11
-0.92
0.05
-0.02
-0.22
-0.83
0.16
-0.50
-0.46
0.76
-0.71
0.51
-0.76
-0.09
-0.51
-0.34
0.04
-0.47
-0.44
0.03
-0.70
0.86
-0.68
-0.34
-0.67
1.03
0.57
-0.32
0.32
0.33
0.71
-0.94
0.32
-0.17
0.07
-1.00
0.05
-0.97
-0.50
0.59
0.77
-0.18
0.08
1.30
0.84
2.10
-0.38
-0.26
0.94
0.08
0.71
-0.75
-0.09
1.04
-0.14
0.23
0.76
-0.46
-0.86
0.20
0.67
0.97
0.33
0.17
-0.26
-0.68
0.25
0.84
-0.75
0.65
0.32
-1.11
-0.49
-0.47
-1.04
-0.88
0.89
-0.43
0.01
0.82
0.81
-0.56
-0.83
-0.21
-0.34
-0.03
-0.90
-0.66
0.56
-0.83
0.77
0.48
-0.91
-0.16
-0.29
-0.21
0.10
0.47
-0.27
0.37
0.16
0.73
0.90
1.16
-1.00
0.74
-0.73
-0.55
-0.48
0.45
0.87
-0.94
0.76
-0.74
-0.13
-0.50
0.14
-0.22
-0.18
-0.40
0.35
-0.32
-0.99
0.47
0.69
-0.51
-0.70
-0.02
-0.86
-0.19
-0.42
0.52
-0.35
-0.75
0.42
-0.11
0.94
0.56
-0.00
-0.71
-0.30
-0.08
-0.57
-0.47
-0.01
0.38
-0.01
-0.89
-0.51
0.96
-0.23
0.85
-0.37
-0.21
0.33
-0.68
0.27
0.61
0.29
0.41
-0.57
0.87
-0.07
0.08
-0.87
-0.65
0.97
-0.93
0.92
-0.03
-0.64
-0.39
0.90
-0.21
0.14
-0.11
-0.83
-0.87
-0.01
-0.34
-0.91
0.76
-0.50
-0.26
-0.44
0.84
0.05
0.83
0.46
-0.66
0.25
0.87
-0.79
-0.83
-0.04
-0.66
-0.48
-0.08
-0.59
-0.57
0.89
-0.23
0.02
0.75
0.39
-1.20
-0.83
-2.14
-0.68
0.66
-0.62
-0.42
0.44
0.05
0.37
0.78
-0.21
-0.63
1.03
-0.86
-0.51
0.06
-0.71
-0.47
0.05
-0.02
0.02
0.79
0.77
0.16
-0.77
0.85
-0.68
0.33
0.59
0.51
0.34
-0.71
0.62
0.72
0.95
0.94
-0.89
0.62
-0.12
0.24
0.40
0.66
0.58
0.31
0.84
-0.90
-0.83
0.52
-0.24
0.78
-0.67
0.84
0.62
0.11
-0.11
0.78
-0.08
0.94
-0.87
-1.46
0.92
0.99
-0.87
-0.62
0.29
-1.24
0.10
0.97
0.62
0.44
0.22
-0.21
0.19
0.13
-0.68
0.28
-0.38
-0.64
-0.18
0.37
0.79
0.59
0.22
-0.03
-0.72
-0.43
-0.67
-0.21
-0.62
-0.11
-0.11
0.64
-0.18
0.26
-0.35
-0.49
0.59
0.59
-0.68
0.21
0.36
0.41
-0.85
-0.31
0.99
-0.71
0.75
-0.41
-0.35
-0.43
0.97
-0.57
-0.84
0.19
0.40
-0.56
0.76
0.72
0.23
0.94
-0.39
-0.89
0.58
0.44
0.36
-0.78
0.95
-0.11
0.80
-0.74
-0.93
0.17
0.27
-0.78
0.86
0.66
-0.49
0.61
-0.74
0.16
-0.83
-0.78
0.59
-0.66
0.40
-0.01
-0.22
0.16
-0.28
0.99
0.10
0.32
-0.88
-0.32
-0.06
0.47
-0.09
-0.29
-0.63
-0.28
-0.02
-0.57
0.90
-0.35
-0.34
0.76
-0.69
0.17
0.42
-0.43
-0.67
0.54
-0.22
0.93
0.88
-0.82
0.26
-0.36
0.34
0.62
-0.36
-0.56
-0.06
-0.25
0.12
0.71
-0.77
-0.98
-0.19
-0.39
-0.24
0.40
0.12
-0.30
-0.93
0.69
-0.55
-0.65
-0.13
0.82
-0.08
0.18
0.31
0.71
0.11
0.17
0.89
1.00
0.83
0.21
0.64
-0.54
0.65
-0.43
0.21
-0.23
-0.72
0.43
-0.21
-0.30
-0.97
0.53
-0.91
0.06
-0.83
-0.86
-0.26
-0.43
-0.45
0.60
-0.66
0.41
-0.34
0.72
0.02
0.86
-0.16
-0.03
0.94
-0.36
-0.82
0.48
0.14
1.08
-0.95
-0.71
-0.38
-0.68
0.76
0.41
0.01
0.76
-0.17
0.11
-0.46
0.10
0.33
0.55
0.67
0.73
0.14
1.00
0.14
0.91
0.64
-0.77
0.77
-0.54
0.26
0.64
0.09
0.39
0.12
-0.82
0.30
0.14
-0.24
0.82
0.46
-0.81
0.21
-0.53
0.94
-0.87
0.57
-0.25
0.23
-0.19
-0.69
-0.11
-0.46
0.44
-0.09
0.67
0.34
-0.47
0.91
0.10
-0.01
0.11
-0.28
-0.93
-0.50
0.82
-0.76
0.72
-0.04
-0.30
0.53
-0.58
-0.11
-0.26
-0.12
-0.17
-0.13
-0.55
0.58
-0.90
0.26
0.88
-0.01
0.80
0.32
0.88
0.47
-0.35
-0.59
0.38
0.78
0.39
-0.52
-0.52
0.54
-0.02
-0.64
0.70
-0.29
0.26
-0.61
-0.77
0.68
0.28
-0.03
-0.44
-0.89
0.84
0.02
0.69
0.95
-0.72
0.57
-0.06
-0.88
-0.12
0.02
0.54
0.56
0.21
-0.08
0.29
-0.39
0.40
0.78
-0.94
-0.61
-0.92
0.76
0.08
0.35
-0.84
0.31
0.03
0.46
-0.72
0.61
0.55
-0.84
-0.40
0.24
-0.93
-0.12
-0.19
-0.00
-0.05
0.69
0.81
-0.50
0.23
0.02
0.42
-0.48
0.63
-0.18
-0.70
0.69
0.20
-0.63
0.45
-0.71
0.72
0.61
0.60
-0.26
0.04
0.88
-0.67
-0.41
-0.99
-0.07
0.83
-0.93
0.81
-0.36
0.07
-0.24
-0.67
-0.12
0.26
0.55
0.90
-0.33
-0.93
0.53
0.49
-0.63
0.22
-0.30
-0.26
-0.33
-0.02
-0.54
-0.72
-0.42
0.20
0.33
-0.54
0.53
0.92
-0.54
-0.54
0.75
-0.46
-0.73
-0.61
0.61
0.03
-0.28
-0.51
-0.71
-0.73
-0.60
-0.03
-0.66
0.93
-0.61
-0.29
0.14
0.15
0.45
0.83
-0.86
0.91
-0.89
-0.29
0.11
0.43
0.17
-0.36
0.35
0.64
0.10
0.10
-0.83
0.38
0.48
0.79
-0.59
-0.80
-0.72
-0.30
-0.53
-0.32
0.67
-0.19
-0.39
-0.88
0.52
0.76
0.35
-0.02
0.59
0.41
-0.10
0.70
-0.87
-1.00
0.14
0.30
-0.36
-0.52
-0.07
0.75
0.58
0.11
0.12
0.07
-0.10
0.53
0.27
0.18
-0.76
0.74
0.86
0.90
-0.44
-0.54
-0.97
-0.92
-0.78
0.31
0.06
0.80
-0.28
0.94
0.50
-0.15
0.94
-0.38
-0.84
-0.41
0.10
0.08
-0.29
-0.31
-0.74
0.46
0.80
0.08
-0.00
0.01
-0.74
0.23
-0.23
-0.87
0.13
0.31
-0.42
0.16
0.40
-0.20
-0.54
-0.55
-0.32
0.18
-0.30
-0.90
-0.96
-0.66
-0.28
-0.83
-0.08
0.82
0.25
0.26
-0.51
0.44
-0.28
-0.76
-0.47
0.71
0.25
-0.22
-0.01
-0.99
-0.09
-0.93
0.69
0.47
0.23
-0.29
-0.72
0.69
0.16
-0.12
-0.13
0.56
-0.02
-0.10
1.25
0.71
0.07
-0.18
0.53
-0.68
-0.92
-0.98
0.82
-0.20
-0.74
-0.72
-0.49
0.50
0.06
0.44
0.50
0.95
0.51
-0.18
0.43
-0.26
0.53
0.70
-0.57
-0.31
-0.42
0.30
-0.75
0.57
-0.80
-0.86
0.27
0.27
-0.04
-0.20
0.59
0.04
-0.19
0.35
0.84
0.07
0.63
-0.66
-0.18
-0.32
0.79
-0.92
-0.35
0.30
-0.10
-0.93
-0.96
-0.57
0.77
-0.54
0.12
-0.64
0.78
0.38
0.92
0.96
0.52
0.20
0.25
-0.53
0.75
-0.17
0.51
-0.19
-0.82
0.34
0.88
0.81
0.68
-0.55
-0.50
0.46
-0.47
0.14
-0.18
0.43
0.21
-0.21
0.87
-0.00
0.26
-0.01
0.75
0.03
-0.64
0.27
-0.00
0.88
-0.53
-0.77
-0.64
-0.53
0.06
0.87
0.29
0.24
0.21
0.16
0.05
-0.10
0.62
0.55
-0.64
-0.85
-0.31
0.12
0.58
0.90
0.91
0.44
-0.12
0.17
-0.57
-0.77
-0.80
-0.21
0.50
0.19
-0.33
0.97
0.43
0.03
-0.56
-0.51
-0.10
0.72
0.73
-0.89
-0.12
-0.22
0.01
-0.50
-0.67
0.37
-0.35
0.02
-0.52
-0.78
-0.16
-0.61
0.60
0.80
0.57
-0.91
-0.97
0.76
-0.12
0.53
-0.04
0.56
0.50
-0.62
-0.41
0.94
-0.13
0.48
0.66
-0.40
0.54
-0.46
0.17
-0.40
0.04
0.72
0.97
0.69
-0.26
-0.55
0.91
0.66
-0.16
0.57
0.46
-0.59
0.67
0.50
-0.83
-0.45
0.03
0.12
-0.90
-0.48
0.52
-0.32
-0.54
-0.63
-0.83
-0.88
-0.03
0.76
-0.34
-0.64
-0.63
0.70
-0.98
-0.66
0.38
-0.18
-0.23
0.29
-0.52
0.63
-0.15
0.94
-0.96
-0.45
0.44
-0.79
0.09
-0.54
0.33
0.19
-0.02
-0.17
0.87
0.45
0.20
-0.96
0.57
-0.83
0.81
-0.77
-0.48
-0.83
0.93
-0.40
-0.49
0.33
0.42
0.30
-0.37
0.90
-0.06
0.51
0.81
-0.02
-0.94
0.28
0.17
0.15
0.75
-0.49
-0.67
-0.28
0.33
-0.79
-0.83
-0.46
-0.75
0.71
-0.30
-0.94
0.95
0.23
-0.76
0.90
0.83
-0.25
0.24
0.25
-0.93
0.86
0.14
-0.01
0.37
-0.02
0.97
0.43
-0.74
0.15
-0.42
1.00
0.66
-0.08
-0.30
0.00
0.13
-0.11
0.52
0.38
-0.38
-0.76
0.34
-0.41
0.47
0.69
-0.51
0.30
-0.56
0.72
-0.45
-0.51
0.58
0.69
-0.58
-0.09
-0.34
0.45
-0.64
-0.11
-0.41
-0.03
-0.11
-0.73
0.84
0.55
0.28
0.02
-0.46
-0.19
-0.59
0.17
0.05
0.87
0.74
-0.47
0.54
-0.75
0.83
-1.00
0.96
-0.61
-0.51
0.55
-0.92
0.97
-0.50
-0.24
0.43
-0.12
0.70
-0.97
0.85
-0.37
-0.72
0.74
-0.71
0.58
-0.27
-0.17
-0.61
0.18
-1.00
0.46
0.01
0.76
0.99
-0.39
-0.99
0.77
-0.39
0.98
-0.79
0.11
0.51
-0.71
0.08
-0.97
0.05
-0.49
-0.11
-0.25
-0.46
-0.24
0.38
-0.16
-0.49
0.67
-0.57
0.27
-0.49
-0.17
-0.55
-0.48
-0.75
0.49
-0.72
-0.72
-0.88
-0.71
-0.90
-0.26
-0.75
-0.68
0.84
0.81
-0.38
-0.08
0.84
0.67
0.43
-0.25
-0.57
0.97
0.52
0.81
-0.18
-0.98
0.48
0.24
0.30
0.99
-0.92
0.75
-0.49
-0.64
0.26
-0.21
-0.37
0.38
0.09
-0.26
-0.88
0.37
0.06
0.96
0.18
0.68
-0.12
0.02
0.36
-0.68
0.77
0.78
-0.71
0.28
0.59
0.11
0.31
0.07
-0.64
-0.40
0.07
-0.57
-0.65
0.57
-0.22
0.61
-0.62
0.39
0.01
0.45
-0.84
0.10
-0.19
0.22
0.06
1.00
-0.12
0.68
0.02
-0.74
-0.74
-0.21
-0.96
-0.45
-0.93
0.63
0.69
0.38
-0.03
-0.98
0.99
0.77
-0.56
-0.68
0.34
0.23
0.93
0.70
-0.35
-0.09
0.15
-0.19
-0.99
0.97
-0.97
0.07
0.97
-0.06
0.02
-0.01
0.33
0.27
0.77
0.24
0.82
0.84
-0.13
0.48
0.22
0.57
0.49
0.19
0.16
0.94
0.50
-0.33
0.16
0.43
-0.63
0.82
-0.72
0.53
-0.38
-0.65
0.50
-0.34
0.42
0.47
0.59
-0.57
-0.54
-0.21
0.70
-0.77
-0.97
0.52
-0.92
-0.11
0.01
0.30
-0.54
-0.50
-0.51
0.80
-0.55
1.00
-0.53
0.62
0.44
-0.15
0.43
0.78
-0.63
-0.94
-0.86
0.88
-0.27
0.56
0.34
-0.68
0.93
0.81
0.11
0.70
-0.96
0.14
0.22
-0.88
-0.96
-0.77
0.38
-0.50
-0.27
0.90
-0.70
0.18
0.88
-0.23
-0.33
0.34
0.52
-0.76
0.12
0.99
-0.70
0.26
0.87
0.03
-0.17
0.22
0.35
-0.18
-0.06
-0.54
-0.48
0.07
0.55
0.73
0.10
0.64
-0.84
2020,11
1,0,0,0,0,0,0,0,0,0,0
1,0,0,0,0,0,0,0,0,0,0
1,0,0,0,0,0,0,0,0,0,0
1,0,0,0,0,0,0,0,0,0,0
1,0,0,0,0,0,0,0,0,0,0
1,0,0,0,0,0,0,0,0,0,0
1,0,0,0,0,0,0,0,0,0,0
1,0,0,0,0,0,0,0,0,0,0
1,0,0,0,0,0,0,0,0,0,0
1,0,0,0,0,0,0,0,0,0,0
0,1,0,0,0,0,0,0,0,0,0
0,1,0,0,0,0,0,0,0,0,0
0,1,0,0,0,0,0,0,0,0,0
0,1,0,0,0,0,0,0,0,0,0
0,1,0,0,0,0,0,0,0,0,0
0,1,0,0,0,0,0,0,0,0,0
0,1,0,0,0,0,0,0,0,0,0
0,1,0,0,0,0,0,0,0,0,0
0,1,0,0,0,0,0,0,0,0,0
0,1,0,0,0,0,0,0,0,0,0
0,0,1,0,0,0,0,0,0,0,0
0,0,1,0,0,0,0,0,0,0,0
0,0,1,0,0,0,0,0,0,0,0
0,0,1,0,0,0,0,0,0,0,0
0,0,1,0,0,0,0,0,0,0,0
0,0,1,0,0,0,0,0,0,0,0
0,0,1,0,0,0,0,0,0,0,0
0,0,1,0,0,0,0,0,0,0,0
0,0,1,0,0,0,0,0,0,0,0
0,0,1,0,0,0,0,0,0,0,0
0,0,0,1,0,0,0,0,0,0,0
0,0,0,1,0,0,0,0,0,0,0
0,0,0,1,0,0,0,0,0,0,0
0,0,0,1,0,0,0,0,0,0,0
0,0,0,1,0,0,0,0,0,0,0
0,0,0,1,0,0,0,0,0,0,0
0,0,0,1,0,0,0,0,0,0,0
0,0,0,1,0,0,0,0,0,0,0
0,0,0,1,0,0,0,0,0,0,0
0,0,0,1,0,0,0,0,0,0,0
0,0,0,0,1,0,0,0,0,0,0
0,0,0,0,1,0,0,0,0,0,0
0,0,0,0,1,0,0,0,0,0,0
0,0,0,0,1,0,0,0,0,0,0
0,0,0,0,1,0,0,0,0,0,0
0,0,0,0,1,0,0,0,0,0,0
0,0,0,0,1,0,0,0,0,0,0
0,0,0,0,1,0,0,0,0,0,0
0,0,0,0,1,0,0,0,0,0,0
0,0,0,0,1,0,0,0,0,0,0
0,0,0,0,0,1,0,0,0,0,0
0,0,0,0,0,1,0,0,0,0,0
0,0,0,0,0,1,0,0,0,0,0
0,0,0,0,0,1,0,0,0,0,0
0,0,0,0,0,1,0,0,0,0,0
0,0,0,0,0,1,0,0,0,0,0
0,0,0,0,0,1,0,0,0,0,0
0,0,0,0,0,1,0,0,0,0,0
0,0,0,0,0,1,0,0,0,0,0
0,0,0,0,0,1,0,0,0,0,0
0,0,0,0,0,0,1,0,0,0,0
0,0,0,0,0,0,1,0,0,0,0
0,0,0,0,0,0,1,0,0,0,0
0,0,0,0,0,0,1,0,0,0,0
0,0,0,0,0,0,1,0,0,0,0
0,0,0,0,0,0,1,0,0,0,0
0,0,0,0,0,0,1,0,0,0,0
0,0,0,0,0,0,1,0,0,0,0
0,0,0,0,0,0,1,0,0,0,0
0,0,0,0,0,0,1,0,0,0,0
0,0,0,0,0,0,0,1,0,0,0
0,0,0,0,0,0,0,1,0,0,0
0,0,0,0,0,0,0,1,0,0,0
0,0,0,0,0,0,0,1,0,0,0
0,0,0,0,0,0,0,1,0,0,0
0,0,0,0,0,0,0,1,0,0,0
0,0,0,0,0,0,0,1,0,0,0
0,0,0,0,0,0,0,1,0,0,0
0,0,0,0,0,0,0,1,0,0,0
0,0,0,0,0,0,0,1,0,0,0
0,0,0,0,0,0,0,0,1,0,0
0,0,0,0,0,0,0,0,1,0,0
0,0,0,0,0,0,0,0,1,0,0
0,0,0,0,0,0,0,0,1,0,0
0,0,0,0,0,0,0,0,1,0,0
0,0,0,0,0,0,0,0,1,0,0
0,0,0,0,0,0,0,0,1,0,0
0,0,0,0,0,0,0,0,1,0,0
0,0,0,0,0,0,0,0,1,0,0
0,0,0,0,0,0,0,0,1,0,0
0,0,0,0,0,0,0,0,0,1,0
0,0,0,0,0,0,0,0,0,1,0
0,0,0,0,0,0,0,0,0,1,0
0,0,0,0,0,0,0,0,0,1,0
0,0,0,0,0,0,0,0,0,1,0
0,0,0,0,0,0,0,0,0,1,0
0,0,0,0,0,0,0,0,0,1,0
0,0,0,0,0,0,0,0,0,1,0
0,0,0,0,0,0,0,0,0,1,0
0,0,0,0,0,0,0,0,0,1,0
0,0,0,0,0,0,0,0,0,0,1
0,0,0,0,0,0,0,0,0,0,1
0,0,0,0,0,0,0,0,0,0,1
0,0,0,0,0,0,0,0,0,0,1
0,0,0,0,0,0,0,0,0,0,1
0,0,0,0,0,0,0,0,0,0,1
0,0,0,0,0,0,0,0,0,0,1
0,0,0,0,0,0,0,0,0,0,1
0,0,0,0,0,0,0,0,0,0,1
0,0,0,0,0,0,0,0,0,0,1
1,1,1,1,1,1,1,1,1,1,1
1,1,1,1,1,1,1,1,1,1,1
1,1,1,1,1,1,1,1,1,1,1
1,1,1,1,1,1,1,1,1,1,1
1,1,1,1,1,1,1,1,1,1,1
1,1,1,1,1,1,1,1,1,1,1
1,1,1,1,1,1,1,1,1,1,1
1,1,1,1,1,1,1,1,1,1,1
1,1,1,1,1,1,1,1,1,1,1
1,1,1,1,1,1,1,1,1,1,1
1,1,1,1,1,1,1,1,1,1,1
1,1,1,1,1,1,1,1,1,1,1
1,1,1,1,1,1,1,1,1,1,1
1,1,1,1,1,1,1,1,1,1,1
1,1,1,1,1,1,1,1,1,1,1
1,1,1,1,1,1,1,1,1,1,1
1,1,1,1,1,1,1,1,1,1,1
1,1,1,1,1,1,1,1,1,1,1
1,1,1,1,1,1,1,1,1,1,1
1,1,1,1,1,1,1,1,1,1,1
1,1,1,1,1,1,1,1,1,1,1
1,1,1,1,1,1,1,1,1,1,1
1,1,1,1,1,1,1,1,1,1,1
1,1,1,1,1,1,1,1,1,1,1
1,1,1,1,1,1,1,1,1,1,1
1,1,1,1,1,1,1,1,1,1,1
1,1,1,1,1,1,1,1,1,1,1
1,1,1,1,1,1,1,1,1,1,1
1,1,1,1,1,1,1,1,1,1,1
1,1,1,1,1,1,1,1,1,1,1
1,1,1,1,1,1,1,1,1,1,1
1,1,1,1,1,1,1,1,1,1,1
1,1,1,1,1,1,1,1,1,1,1
1,1,1,1,1,1,1,1,1,1,1
1,1,1,1,1,1,1,1,1,1,1
1,1,1,1,1,1,1,1,1,1,1
1,1,1,1,1,1,1,1,1,1,1
1,1,1,1,1,1,1,1,1,1,1
1,1,1,1,1,1,1,1,1,1,1
1,1,1,1,1,1,1,1,1,1,1
1,1,1,1,1,1,1,1,1,1,1
1,1,1,1,1,1,1,1,1,1,1
1,1,1,1,1,1,1,1,1,1,1
1,1,1,1,1,1,1,1,1,1,1
1,1,1,1,1,1,1,1,1,1,1
1,1,1,1,1,1,1,1,1,1,1
1,1,1,1,1,1,1,1,1,1,1
1,1,1,1,1,1,1,1,1,1,1
1,1,1,1,1,1,1,1,1,1,1
1,1,1,1,1,1,1,1,1,1,1
1,1,1,1,1,1,1,1,1,1,1
1,1,1,1,1,1,1,1,1,1,1
1,1,1,1,1,1,1,1,1,1,1
1,1,1,1,1,1,1,1,1,1,1
1,1,1,1,1,1,1,1,1,1,1
1,1,1,1,1,1,1,1,1,1,1
1,1,1,1,1,1,1,1,1,1,1
1,1,1,1,1,1,1,1,1,1,1
1,1,1,1,1,1,1,1,1,1,1
1,1,1,1,1,1,1,1,1,1,1
1,1,1,1,1,1,1,1,1,1,1
1,1,1,1,1,1,1,1,1,1,1
1,1,1,1,1,1,1,1,1,1,1
1,1,1,1,1,1,1,1,1,1,1
1,1,1,1,1,1,1,1,1,1,1
1,1,1,1,1,1,1,1,1,1,1
1,1,1,1,1,1,1,1,1,1,1
1,1,1,1,1,1,1,1,1,1,1
1,1,1,1,1,1,1,1,1,1,1
1,1,1,1,1,1,1,1,1,1,1
1,1,1,1,1,1,1,1,1,1,1
1,1,1,1,1,1,1,1,1,1,1
1,1,1,1,1,1,1,1,1,1,1
1,1,1,1,1,1,1,1,1,1,1
1,1,1,1,1,1,1,1,1,1,1
1,1,1,1,1,1,1,1,1,1,1
1,1,1,1,1,1,1,1,1,1,1
1,1,1,1,1,1,1,1,1,1,1
1,1,1,1,1,1,1,1,1,1,1
1,1,1,1,1,1,1,1,1,1,1
1,1,1,1,1,1,1,1,1,1,1
1,1,1,1,1,1,1,1,1,1,1
1,1,1,1,1,1,1,1,1,1,1
1,1,1,1,1,1,1,1,1,1,1
1,1,1,1,1,1,1,1,1,1,1
1,1,1,1,1,1,1,1,1,1,1
1,1,1,1,1,1,1,1,1,1,1
1,1,1,1,1,1,1,1,1,1,1
1,1,1,1,1,1,1,1,1,1,1
1,1,1,1,1,1,1,1,1,1,1
1,1,1,1,1,1,1,1,1,1,1
1,1,1,1,1,1,1,1,1,1,1
1,1,1,1,1,1,1,1,1,1,1
1,1,1,1,1,1,1,1,1,1,1
1,1,1,1,1,1,1,1,1,1,1
1,1,1,1,1,1,1,1,1,1,1
1,1,1,1,1,1,1,1,1,1,1
1,1,1,1,1,1,1,1,1,1,1
1,1,1,1,1,1,1,1,1,1,1
1,1,1,1,1,1,1,1,1,1,1
1,1,1,1,1,1,1,1,1,1,1
1,1,1,1,1,1,1,1,1,1,1
1,1,1,1,1,1,1,1,1,1,1
1,1,1,1,1,1,1,1,1,1,1
1,1,1,1,1,1,1,1,1,1,1
1,1,1,1,1,1,1,1,1,1,1
1,1,1,1,1,1,1,1,1,1,1
1,1,1,1,1,1,1,1,1,1,1
1,1,1,1,1,1,1,1,1,1,1
1,1,1,1,1,1,1,1,1,1,1
1,1,1,1,1,1,1,1,1,1,1
1,1,1,1,1,1,1,1,1,1,1
1,1,1,1,1,1,1,1,1,1,1
1,1,1,1,1,1,1,1,1,1,1
1,1,1,1,1,1,1,1,1,1,1
1,1,1,1,1,1,1,1,1,1,1
1,1,1,1,1,1,1,1,1,1,1
1,1,1,1,1,1,1,1,1,1,1
1,1,1,1,1,1,1,1,1,1,1
1,1,1,1,1,1,1,1,1,1,1
1,1,1,1,1,1,1,1,1,1,1
1,1,1,1,1,1,1,1,1,1,1
1,1,1,1,1,1,1,1,1,1,1
1,1,1,1,1,1,1,1,1,1,1
1,1,1,1,1,1,1,1,1,1,1
1,1,1,1,1,1,1,1,1,1,1
1,1,1,1,1,1,1,1,1,1,1
1,1,1,1,1,1,1,1,1,1,1
1,1,1,1,1,1,1,1,1,1,1
1,1,1,1,1,1,1,1,1,1,1
1,1,1,1,1,1,1,1,1,1,1
1,1,1,1,1,1,1,1,1,1,1
1,1,1,1,1,1,1,1,1,1,1
1,1,1,1,1,1,1,1,1,1,1
1,1,1,1,1,1,1,1,1,1,1
1,1,1,1,1,1,1,1,1,1,1
1,1,1,1,1,1,1,1,1,1,1
1,1,1,1,1,1,1,1,1,1,1
1,1,1,1,1,1,1,1,1,1,1
1,1,1,1,1,1,1,1,1,1,1
1,1,1,1,1,1,1,1,1,1,1
1,1,1,1,1,1,1,1,1,1,1
1,1,1,1,1,1,1,1,1,1,1
1,1,1,1,1,1,1,1,1,1,1
1,1,1,1,1,1,1,1,1,1,1
1,1,1,1,1,1,1,1,1,1,1
1,1,1,1,1,1,1,1,1,1,1
1,1,1,1,1,1,1,1,1,1,1
1,1,1,1,1,1,1,1,1,1,1
1,1,1,1,1,1,1,1,1,1,1
1,1,1,1,1,1,1,1,1,1,1
1,1,1,1,1,1,1,1,1,1,1
1,1,1,1,1,1,1,1,1,1,1
1,1,1,1,1,1,1,1,1,1,1
1,1,1,1,1,1,1,1,1,1,1
1,1,1,1,1,1,1,1,1,1,1
1,1,1,1,1,1,1,1,1,1,1
1,1,1,1,1,1,1,1,1,1,1
1,1,1,1,1,1,1,1,1,1,1
1,1,1,1,1,1,1,1,1,1,1
1,1,1,1,1,1,1,1,1,1,1
1,1,1,1,1,1,1,1,1,1,1
1,1,1,1,1,1,1,1,1,1,1
1,1,1,1,1,1,1,1,1,1,1
1,1,1,1,1,1,1,1,1,1,1
1,1,1,1,1,1,1,1,1,1,1
1,1,1,1,1,1,1,1,1,1,1
1,1,1,1,1,1,1,1,1,1,1
1,1,1,1,1,1,1,1,1,1,1
1,1,1,1,1,1,1,1,1,1,1
1,1,1,1,1,1,1,1,1,1,1
1,1,1,1,1,1,1,1,1,1,1
1,1,1,1,1,1,1,1,1,1,1
1,1,1,1,1,1,1,1,1,1,1
1,1,1,1,1,1,1,1,1,1,1
1,1,1,1,1,1,1,1,1,1,1
1,1,1,1,1,1,1,1,1,1,1
1,1,1,1,1,1,1,1,1,1,1
1,1,1,1,1,1,1,1,1,1,1
1,1,1,1,1,1,1,1,1,1,1
1,1,1,1,1,1,1,1,1,1,1
1,1,1,1,1,1,1,1,1,1,1
1,1,1,1,1,1,1,1,1,1,1
1,1,1,1,1,1,1,1,1,1,1
1,1,1,1,1,1,1,1,1,1,1
1,1,1,1,1,1,1,1,1,1,1
1,1,1,1,1,1,1,1,1,1,1
1,1,1,1,1,1,1,1,1,1,1
1,1,1,1,1,1,1,1,1,1,1
1,1,1,1,1,1,1,1,1,1,1
1,1,1,1,1,1,1,1,1,1,1
1,1,1,1,1,1,1,1,1,1,1
1,1,1,1,1,1,1,1,1,1,1
1,1,1,1,1,1,1,1,1,1,1
1,1,1,1,1,1,1,1,1,1,1
1,1,1,1,1,1,1,1,1,1,1
1,1,1,1,1,1,1,1,1,1,1
1,1,1,1,1,1,1,1,1,1,1
1,1,1,1,1,1,1,1,1,1,1
1,1,1,1,1,1,1,1,1,1,1
1,1,1,1,1,1,1,1,1,1,1
1,1,1,1,1,1,1,1,1,1,1
1,1,1,1,1,1,1,1,1,1,1
1,1,1,1,1,1,1,1,1,1,1
1,1,1,1,1,1,1,1,1,1,1
1,1,1,1,1,1,1,1,1,1,1
1,1,1,1,1,1,1,1,1,1,1
1,1,1,1,1,1,1,1,1,1,1
1,1,1,1,1,1,1,1,1,1,1
1,1,1,1,1,1,1,1,1,1,1
1,1,1,1,1,1,1,1,1,1,1
1,1,1,1,1,1,1,1,1,1,1
1,1,1,1,1,1,1,1,1,1,1
1,1,1,1,1,1,1,1,1,1,1
1,1,1,1,1,1,1,1,1,1,1
1,1,1,1,1,1,1,1,1,1,1
1,1,1,1,1,1,1,1,1,1,1
1,1,1,1,1,1,1,1,1,1,1
1,1,1,1,1,1,1,1,1,1,1
1,1,1,1,1,1,1,1,1,1,1
1,1,1,1,1,1,1,1,1,1,1
1,1,1,1,1,1,1,1,1,1,1
1,1,1,1,1,1,1,1,1,1,1
1,1,1,1,1,1,1,1,1,1,1
1,1,1,1,1,1,1,1,1,1,1
1,1,1,1,1,1,1,1,1,1,1
1,1,1,1,1,1,1,1,1,1,1
1,1,1,1,1,1,1,1,1,1,1
1,1,1,1,1,1,1,1,1,1,1
1,1,1,1,1,1,1,1,1,1,1
1,1,1,1,1,1,1,1,1,1,1
1,1,1,1,1,1,1,1,1,1,1
1,1,1,1,1,1,1,1,1,1,1
1,1,1,1,1,1,1,1,1,1,1
1,1,1,1,1,1,1,1,1,1,1
1,1,1,1,1,1,1,1,1,1,1
1,1,1,1,1,1,1,1,1,1,1
1,1,1,1,1,1,1,1,1,1,1
1,1,1,1,1,1,1,1,1,1,1
1,1,1,1,1,1,1,1,1,1,1
1,1,1,1,1,1,1,1,1,1,1
1,1,1,1,1,1,1,1,1,1,1
1,1,1,1,1,1,1,1,1,1,1
1,1,1,1,1,1,1,1,1,1,1
1,1,1,1,1,1,1,1,1,1,1
1,1,1,1,1,1,1,1,1,1,1
1,1,1,1,1,1,1,1,1,1,1
1,1,1,1,1,1,1,1,1,1,1
1,1,1,1,1,1,1,1,1,1,1
1,1,1,1,1,1,1,1,1,1,1
1,1,1,1,1,1,1,1,1,1,1
1,1,1,1,1,1,1,1,1,1,1
1,1,1,1,1,1,1,1,1,1,1
1,1,1,1,1,1,1,1,1,1,1
1,1,1,1,1,1,1,1,1,1,1
1,1,1,1,1,1,1,1,1,1,1
1,1,1,1,1,1,1,1,1,1,1
1,1,1,1,1,1,1,1,1,1,1
1,1,1,1,1,1,1,1,1,1,1
1,1,1,1,1,1,1,1,1,1,1
1,1,1,1,1,1,1,1,1,1,1
1,1,1,1,1,1,1,1,1,1,1
1,1,1,1,1,1,1,1,1,1,1
1,1,1,1,1,1,1,1,1,1,1
1,1,1,1,1,1,1,1,1,1,1
1,1,1,1,1,1,1,1,1,1,1
1,1,1,1,1,1,1,1,1,1,1
1,1,1,1,1,1,1,1,1,1,1
1,1,1,1,1,1,1,1,1,1,1
1,1,1,1,1,1,1,1,1,1,1
1,1,1,1,1,1,1,1,1,1,1
1,1,1,1,1,1,1,1,1,1,1
1,1,1,1,1,1,1,1,1,1,1
1,1,1,1,1,1,1,1,1,1,1
1,1,1,1,1,1,1,1,1,1,1
1,1,1,1,1,1,1,1,1,1,1
1,1,1,1,1,1,1,1,1,1,1
1,1,1,1,1,1,1,1,1,1,1
1,1,1,1,1,1,1,1,1,1,1
1,1,1,1,1,1,1,1,1,1,1
1,1,1,1,1,1,1,1,1,1,1
1,1,1,1,1,1,1,1,1,1,1
1,1,1,1,1,1,1,1,1,1,1
1,1,1,1,1,1,1,1,1,1,1
1,1,1,1,1,1,1,1,1,1,1
1,1,1,1,1,1,1,1,1,1,1
1,1,1,1,1,1,1,1,1,1,1
1,1,1,1,1,1,1,1,1,1,1
1,1,1,1,1,1,1,1,1,1,1
1,1,1,1,1,1,1,1,1,1,1
1,1,1,1,1,1,1,1,1,1,1
1,1,1,1,1,1,1,1,1,1,1
1,1,1,1,1,1,1,1,1,1,1
1,1,1,1,1,1,1,1,1,1,1
1,1,1,1,1,1,1,1,1,1,1
1,1,1,1,1,1,1,1,1,1,1
1,1,1,1,1,1,1,1,1,1,1
1,1,1,1,1,1,1,1,1,1,1
1,1,1,1,1,1,1,1,1,1,1
1,1,1,1,1,1,1,1,1,1,1
1,1,1,1,1,1,1,1,1,1,1
1,1,1,1,1,1,1,1,1,1,1
1,1,1,1,1,1,1,1,1,1,1
1,1,1,1,1,1,1,1,1,1,1
1,1,1,1,1,1,1,1,1,1,1
1,1,1,1,1,1,1,1,1,1,1
1,1,1,1,1,1,1,1,1,1,1
1,1,1,1,1,1,1,1,1,1,1
1,1,1,1,1,1,1,1,1,1,1
1,1,1,1,1,1,1,1,1,1,1
1,1,1,1,1,1,1,1,1,1,1
1,1,1,1,1,1,1,1,1,1,1
1,1,1,1,1,1,1,1,1,1,1
1,1,1,1,1,1,1,1,1,1,1
1,1,1,1,1,1,1,1,1,1,1
1,1,1,1,1,1,1,1,1,1,1
1,1,1,1,1,1,1,1,1,1,1
1,1,1,1,1,1,1,1,1,1,1
1,1,1,1,1,1,1,1,1,1,1
1,1,1,1,1,1,1,1,1,1,1
1,1,1,1,1,1,1,1,1,1,1
1,1,1,1,1,1,1,1,1,1,1
1,1,1,1,1,1,1,1,1,1,1
1,1,1,1,1,1,1,1,1,1,1
1,1,1,1,1,1,1,1,1,1,1
1,1,1,1,1,1,1,1,1,1,1
1,1,1,1,1,1,1,1,1,1,1
1,1,1,1,1,1,1,1,1,1,1
1,1,1,1,1,1,1,1,1,1,1
1,1,1,1,1,1,1,1,1,1,1
1,1,1,1,1,1,1,1,1,1,1
1,1,1,1,1,1,1,1,1,1,1
1,1,1,1,1,1,1,1,1,1,1
1,1,1,1,1,1,1,1,1,1,1
1,1,1,1,1,1,1,1,1,1,1
1,1,1,1,1,1,1,1,1,1,1
1,1,1,1,1,1,1,1,1,1,1
1,1,1,1,1,1,1,1,1,1,1
1,1,1,1,1,1,1,1,1,1,1
1,1,1,1,1,1,1,1,1,1,1
1,1,1,1,1,1,1,1,1,1,1
1,1,1,1,1,1,1,1,1,1,1
1,1,1,1,1,1,1,1,1,1,1
1,1,1,1,1,1,1,1,1,1,1
1,1,1,1,1,1,1,1,1,1,1
1,1,1,1,1,1,1,1,1,1,1
1,1,1,1,1,1,1,1,1,1,1
1,1,1,1,1,1,1,1,1,1,1
1,1,1,1,1,1,1,1,1,1,1
1,1,1,1,1,1,1,1,1,1,1
1,1,1,1,1,1,1,1,1,1,1
1,1,1,1,1,1,1,1,1,1,1
1,1,1,1,1,1,1,1,1,1,1
1,1,1,1,1,1,1,1,1,1,1
1,1,1,1,1,1,1,1,1,1,1
1,1,1,1,1,1,1,1,1,1,1
1,1,1,1,1,1,1,1,1,1,1
1,1,1,1,1,1,1,1,1,1,1
1,1,1,1,1,1,1,1,1,1,1
1,1,1,1,1,1,1,1,1,1,1
1,1,1,1,1,1,1,1,1,1,1
1,1,1,1,1,1,1,1,1,1,1
1,1,1,1,1,1,1,1,1,1,1
1,1,1,1,1,1,1,1,1,1,1
1,1,1,1,1,1,1,1,1,1,1
1,1,1,1,1,1,1,1,1,1,1
1,1,1,1,1,1,1,1,1,1,1
1,1,1,1,1,1,1,1,1,1,1
1,1,1,1,1,1,1,1,1,1,1
1,1,1,1,1,1,1,1,1,1,1
1,1,1,1,1,1,1,1,1,1,1
1,1,1,1,1,1,1,1,1,1,1
1,1,1,1,1,1,1,1,1,1,1
1,1,1,1,1,1,1,1,1,1,1
1,1,1,1,1,1,1,1,1,1,1
1,1,1,1,1,1,1,1,1,1,1
1,1,1,1,1,1,1,1,1,1,1
1,1,1,1,1,1,1,1,1,1,1
1,1,1,1,1,1,1,1,1,1,1
1,1,1,1,1,1,1,1,1,1,1
1,1,1,1,1,1,1,1,1,1,1
1,1,1,1,1,1,1,1,1,1,1
1,1,1,1,1,1,1,1,1,1,1
1,1,1,1,1,1,1,1,1,1,1
1,1,1,1,1,1,1,1,1,1,1
1,1,1,1,1,1,1,1,1,1,1
1,1,1,1,1,1,1,1,1,1,1
1,1,1,1,1,1,1,1,1,1,1
1,1,1,1,1,1,1,1,1,1,1
1,1,1,1,1,1,1,1,1,1,1
1,1,1,1,1,1,1,1,1,1,1
1,1,1,1,1,1,1,1,1,1,1
1,1,1,1,1,1,1,1,1,1,1
1,1,1,1,1,1,1,1,1,1,1
1,1,1,1,1,1,1,1,1,1,1
1,1,1,1,1,1,1,1,1,1,1
1,1,1,1,1,1,1,1,1,1,1
1,1,1,1,1,1,1,1,1,1,1
1,1,1,1,1,1,1,1,1,1,1
1,1,1,1,1,1,1,1,1,1,1
1,1,1,1,1,1,1,1,1,1,1
1,1,1,1,1,1,1,1,1,1,1
1,1,1,1,1,1,1,1,1,1,1
1,1,1,1,1,1,1,1,1,1,1
1,1,1,1,1,1,1,1,1,1,1
1,1,1,1,1,1,1,1,1,1,1
1,1,1,1,1,1,1,1,1,1,1
1,1,1,1,1,1,1,1,1,1,1
1,1,1,1,1,1,1,1,1,1,1
1,1,1,1,1,1,1,1,1,1,1
1,1,1,1,1,1,1,1,1,1,1
1,1,1,1,1,1,1,1,1,1,1
1,1,1,1,1,1,1,1,1,1,1
1,1,1,1,1,1,1,1,1,1,1
1,1,1,1,1,1,1,1,1,1,1
1,1,1,1,1,1,1,1,1,1,1
1,1,1,1,1,1,1,1,1,1,1
1,1,1,1,1,1,1,1,1,1,1
1,1,1,1,1,1,1,1,1,1,1
1,1,1,1,1,1,1,1,1,1,1
1,1,1,1,1,1,1,1,1,1,1
1,1,1,1,1,1,1,1,1,1,1
1,1,1,1,1,1,1,1,1,1,1
1,1,1,1,1,1,1,1,1,1,1
1,1,1,1,1,1,1,1,1,1,1
1,1,1,1,1,1,1,1,1,1,1
1,1,1,1,1,1,1,1,1,1,1
1,1,1,1,1,1,1,1,1,1,1
1,1,1,1,1,1,1,1,1,1,1
1,1,1,1,1,1,1,1,1,1,1
1,1,1,1,1,1,1,1,1,1,1
1,1,1,1,1,1,1,1,1,1,1
1,1,1,1,1,1,1,1,1,1,1
1,1,1,1,1,1,1,1,1,1,1
1,1,1,1,1,1,1,1,1,1,1
1,1,1,1,1,1,1,1,1,1,1
1,1,1,1,1,1,1,1,1,1,1
1,1,1,1,1,1,1,1,1,1,1
1,1,1,1,1,1,1,1,1,1,1
1,1,1,1,1,1,1,1,1,1,1
1,1,1,1,1,1,1,1,1,1,1
1,1,1,1,1,1,1,1,1,1,1
1,1,1,1,1,1,1,1,1,1,1
1,1,1,1,1,1,1,1,1,1,1
1,1,1,1,1,1,1,1,1,1,1
1,1,1,1,1,1,1,1,1,1,1
1,1,1,1,1,1,1,1,1,1,1
1,1,1,1,1,1,1,1,1,1,1
1,1,1,1,1,1,1,1,1,1,1
1,1,1,1,1,1,1,1,1,1,1
1,1,1,1,1,1,1,1,1,1,1
1,1,1,1,1,1,1,1,1,1,1
1,1,1,1,1,1,1,1,1,1,1
1,1,1,1,1,1,1,1,1,1,1
1,1,1,1,1,1,1,1,1,1,1
1,1,1,1,1,1,1,1,1,1,1
1,1,1,1,1,1,1,1,1,1,1
1,1,1,1,1,1,1,1,1,1,1
1,1,1,1,1,1,1,1,1,1,1
1,1,1,1,1,1,1,1,1,1,1
1,1,1,1,1,1,1,1,1,1,1
1,1,1,1,1,1,1,1,1,1,1
1,1,1,1,1,1,1,1,1,1,1
1,1,1,1,1,1,1,1,1,1,1
1,1,1,1,1,1,1,1,1,1,1
1,1,1,1,1,1,1,1,1,1,1
1,1,1,1,1,1,1,1,1,1,1
1,1,1,1,1,1,1,1,1,1,1
1,1,1,1,1,1,1,1,1,1,1
1,1,1,1,1,1,1,1,1,1,1
1,1,1,1,1,1,1,1,1,1,1
1,1,1,1,1,1,1,1,1,1,1
1,1,1,1,1,1,1,1,1,1,1
1,1,1,1,1,1,1,1,1,1,1
1,1,1,1,1,1,1,1,1,1,1
1,1,1,1,1,1,1,1,1,1,1
1,1,1,1,1,1,1,1,1,1,1
1,1,1,1,1,1,1,1,1,1,1
1,1,1,1,1,1,1,1,1,1,1
1,1,1,1,1,1,1,1,1,1,1
1,1,1,1,1,1,1,1,1,1,1
1,1,1,1,1,1,1,1,1,1,1
1,1,1,1,1,1,1,1,1,1,1
1,1,1,1,1,1,1,1,1,1,1
1,1,1,1,1,1,1,1,1,1,1
1,1,1,1,1,1,1,1,1,1,1
1,1,1,1,1,1,1,1,1,1,1
1,1,1,1,1,1,1,1,1,1,1
1,1,1,1,1,1,1,1,1,1,1
1,1,1,1,1,1,1,1,1,1,1
1,1,1,1,1,1,1,1,1,1,1
1,1,1,1,1,1,1,1,1,1,1
1,1,1,1,1,1,1,1,1,1,1
1,1,1,1,1,1,1,1,1,1,1
1,1,1,1,1,1,1,1,1,1,1
1,1,1,1,1,1,1,1,1,1,1
1,1,1,1,1,1,1,1,1,1,1
1,1,1,1,1,1,1,1,1,1,1
1,1,1,1,1,1,1,1,1,1,1
1,1,1,1,1,1,1,1,1,1,1
1,1,1,1,1,1,1,1,1,1,1
1,1,1,1,1,1,1,1,1,1,1
1,1,1,1,1,1,1,1,1,1,1
1,1,1,1,1,1,1,1,1,1,1
1,1,1,1,1,1,1,1,1,1,1
1,1,1,1,1,1,1,1,1,1,1
1,1,1,1,1,1,1,1,1,1,1
1,1,1,1,1,1,1,1,1,1,1
1,1,1,1,1,1,1,1,1,1,1
1,1,1,1,1,1,1,1,1,1,1
1,1,1,1,1,1,1,1,1,1,1
1,1,1,1,1,1,1,1,1,1,1
1,1,1,1,1,1,1,1,1,1,1
1,1,1,1,1,1,1,1,1,1,1
1,1,1,1,1,1,1,1,1,1,1
1,1,1,1,1,1,1,1,1,1,1
1,1,1,1,1,1,1,1,1,1,1
1,1,1,1,1,1,1,1,1,1,1
1,1,1,1,1,1,1,1,1,1,1
1,1,1,1,1,1,1,1,1,1,1
1,1,1,1,1,1,1,1,1,1,1
1,1,1,1,1,1,1,1,1,1,1
1,1,1,1,1,1,1,1,1,1,1
1,1,1,1,1,1,1,1,1,1,1
1,1,1,1,1,1,1,1,1,1,1
1,1,1,1,1,1,1,1,1,1,1
1,1,1,1,1,1,1,1,1,1,1
1,1,1,1,1,1,1,1,1,1,1
1,1,1,1,1,1,1,1,1,1,1
1,1,1,1,1,1,1,1,1,1,1
1,1,1,1,1,1,1,1,1,1,1
1,1,1,1,1,1,1,1,1,1,1
1,1,1,1,1,1,1,1,1,1,1
1,1,1,1,1,1,1,1,1,1,1
1,1,1,1,1,1,1,1,1,1,1
1,1,1,1,1,1,1,1,1,1,1
1,1,1,1,1,1,1,1,1,1,1
1,1,1,1,1,1,1,1,1,1,1
1,1,1,1,1,1,1,1,1,1,1
1,1,1,1,1,1,1,1,1,1,1
1,1,1,1,1,1,1,1,1,1,1
1,1,1,1,1,1,1,1,1,1,1
1,1,1,1,1,1,1,1,1,1,1
1,1,1,1,1,1,1,1,1,1,1
1,1,1,1,1,1,1,1,1,1,1
1,1,1,1,1,1,1,1,1,1,1
1,1,1,1,1,1,1,1,1,1,1
1,1,1,1,1,1,1,1,1,1,1
1,1,1,1,1,1,1,1,1,1,1
1,1,1,1,1,1,1,1,1,1,1
1,1,1,1,1,1,1,1,1,1,1
1,1,1,1,1,1,1,1,1,1,1
1,1,1,1,1,1,1,1,1,1,1
1,1,1,1,1,1,1,1,1,1,1
1,1,1,1,1,1,1,1,1,1,1
1,1,1,1,1,1,1,1,1,1,1
1,1,1,1,1,1,1,1,1,1,1
1,1,1,1,1,1,1,1,1,1,1
1,1,1,1,1,1,1,1,1,1,1
1,1,1,1,1,1,1,1,1,1,1
1,1,1,1,1,1,1,1,1,1,1
1,1,1,1,1,1,1,1,1,1,1
1,1,1,1,1,1,1,1,1,1,1
1,1,1,1,1,1,1,1,1,1,1
1,1,1,1,1,1,1,1,1,1,1
1,1,1,1,1,1,1,1,1,1,1
1,1,1,1,1,1,1,1,1,1,1
1,1,1,1,1,1,1,1,1,1,1
1,1,1,1,1,1,1,1,1,1,1
1,1,1,1,1,1,1,1,1,1,1
1,1,1,1,1,1,1,1,1,1,1
1,1,1,1,1,1,1,1,1,1,1
1,1,1,1,1,1,1,1,1,1,1
1,1,1,1,1,1,1,1,1,1,1
1,1,1,1,1,1,1,1,1,1,1
1,1,1,1,1,1,1,1,1,1,1
1,1,1,1,1,1,1,1,1,1,1
1,1,1,1,1,1,1,1,1,1,1
1,1,1,1,1,1,1,1,1,1,1
1,1,1,1,1,1,1,1,1,1,1
1,1,1,1,1,1,1,1,1,1,1
1,1,1,1,1,1,1,1,1,1,1
1,1,1,1,1,1,1,1,1,1,1
1,1,1,1,1,1,1,1,1,1,1
1,1,1,1,1,1,1,1,1,1,1
1,1,1,1,1,1,1,1,1,1,1
1,1,1,1,1,1,1,1,1,1,1
1,1,1,1,1,1,1,1,1,1,1
1,1,1,1,1,1,1,1,1,1,1
1,1,1,1,1,1,1,1,1,1,1
1,1,1,1,1,1,1,1,1,1,1
1,1,1,1,1,1,1,1,1,1,1
1,1,1,1,1,1,1,1,1,1,1
1,1,1,1,1,1,1,1,1,1,1
1,1,1,1,1,1,1,1,1,1,1
1,1,1,1,1,1,1,1,1,1,1
1,1,1,1,1,1,1,1,1,1,1
1,1,1,1,1,1,1,1,1,1,1
1,1,1,1,1,1,1,1,1,1,1
1,1,1,1,1,1,1,1,1,1,1
1,1,1,1,1,1,1,1,1,1,1
1,1,1,1,1,1,1,1,1,1,1
1,1,1,1,1,1,1,1,1,1,1
1,1,1,1,1,1,1,1,1,1,1
1,1,1,1,1,1,1,1,1,1,1
1,1,1,1,1,1,1,1,1,1,1
1,1,1,1,1,1,1,1,1,1,1
1,1,1,1,1,1,1,1,1,1,1
1,1,1,1,1,1,1,1,1,1,1
1,1,1,1,1,1,1,1,1,1,1
1,1,1,1,1,1,1,1,1,1,1
1,1,1,1,1,1,1,1,1,1,1
1,1,1,1,1,1,1,1,1,1,1
1,1,1,1,1,1,1,1,1,1,1
1,1,1,1,1,1,1,1,1,1,1
1,1,1,1,1,1,1,1,1,1,1
1,1,1,1,1,1,1,1,1,1,1
1,1,1,1,1,1,1,1,1,1,1
1,1,1,1,1,1,1,1,1,1,1
1,1,1,1,1,1,1,1,1,1,1
1,1,1,1,1,1,1,1,1,1,1
1,1,1,1,1,1,1,1,1,1,1
1,1,1,1,1,1,1,1,1,1,1
1,1,1,1,1,1,1,1,1,1,1
1,1,1,1,1,1,1,1,1,1,1
1,1,1,1,1,1,1,1,1,1,1
1,1,1,1,1,1,1,1,1,1,1
1,1,1,1,1,1,1,1,1,1,1
1,1,1,1,1,1,1,1,1,1,1
1,1,1,1,1,1,1,1,1,1,1
1,1,1,1,1,1,1,1,1,1,1
1,1,1,1,1,1,1,1,1,1,1
1,1,1,1,1,1,1,1,1,1,1
1,1,1,1,1,1,1,1,1,1,1
1,1,1,1,1,1,1,1,1,1,1
1,1,1,1,1,1,1,1,1,1,1
1,1,1,1,1,1,1,1,1,1,1
1,1,1,1,1,1,1,1,1,1,1
1,1,1,1,1,1,1,1,1,1,1
1,1,1,1,1,1,1,1,1,1,1
1,1,1,1,1,1,1,1,1,1,1
1,1,1,1,1,1,1,1,1,1,1
1,1,1,1,1,1,1,1,1,1,1
1,1,1,1,1,1,1,1,1,1,1
1,1,1,1,1,1,1,1,1,1,1
1,1,1,1,1,1,1,1,1,1,1
1,1,1,1,1,1,1,1,1,1,1
1,1,1,1,1,1,1,1,1,1,1
1,1,1,1,1,1,1,1,1,1,1
1,1,1,1,1,1,1,1,1,1,1
1,1,1,1,1,1,1,1,1,1,1
1,1,1,1,1,1,1,1,1,1,1
1,1,1,1,1,1,1,1,1,1,1
1,1,1,1,1,1,1,1,1,1,1
1,1,1,1,1,1,1,1,1,1,1
1,1,1,1,1,1,1,1,1,1,1
1,1,1,1,1,1,1,1,1,1,1
1,1,1,1,1,1,1,1,1,1,1
1,1,1,1,1,1,1,1,1,1,1
1,1,1,1,1,1,1,1,1,1,1
1,1,1,1,1,1,1,1,1,1,1
1,1,1,1,1,1,1,1,1,1,1
1,1,1,1,1,1,1,1,1,1,1
1,1,1,1,1,1,1,1,1,1,1
1,1,1,1,1,1,1,1,1,1,1
1,1,1,1,1,1,1,1,1,1,1
1,1,1,1,1,1,1,1,1,1,1
1,1,1,1,1,1,1,1,1,1,1
1,1,1,1,1,1,1,1,1,1,1
1,1,1,1,1,1,1,1,1,1,1
1,1,1,1,1,1,1,1,1,1,1
1,1,1,1,1,1,1,1,1,1,1
1,1,1,1,1,1,1,1,1,1,1
1,1,1,1,1,1,1,1,1,1,1
1,1,1,1,1,1,1,1,1,1,1
1,1,1,1,1,1,1,1,1,1,1
1,1,1,1,1,1,1,1,1,1,1
1,1,1,1,1,1,1,1,1,1,1
1,1,1,1,1,1,1,1,1,1,1
1,1,1,1,1,1,1,1,1,1,1
1,1,1,1,1,1,1,1,1,1,1
1,1,1,1,1,1,1,1,1,1,1
1,1,1,1,1,1,1,1,1,1,1
1,1,1,1,1,1,1,1,1,1,1
1,1,1,1,1,1,1,1,1,1,1
1,1,1,1,1,1,1,1,1,1,1
1,1,1,1,1,1,1,1,1,1,1
1,1,1,1,1,1,1,1,1,1,1
1,1,1,1,1,1,1,1,1,1,1
1,1,1,1,1,1,1,1,1,1,1
1,1,1,1,1,1,1,1,1,1,1
1,1,1,1,1,1,1,1,1,1,1
1,1,1,1,1,1,1,1,1,1,1
1,1,1,1,1,1,1,1,1,1,1
1,1,1,1,1,1,1,1,1,1,1
1,1,1,1,1,1,1,1,1,1,1
1,1,1,1,1,1,1,1,1,1,1
1,1,1,1,1,1,1,1,1,1,1
1,1,1,1,1,1,1,1,1,1,1
1,1,1,1,1,1,1,1,1,1,1
1,1,1,1,1,1,1,1,1,1,1
1,1,1,1,1,1,1,1,1,1,1
1,1,1,1,1,1,1,1,1,1,1
1,1,1,1,1,1,1,1,1,1,1
1,1,1,1,1,1,1,1,1,1,1
1,1,1,1,1,1,1,1,1,1,1
1,1,1,1,1,1,1,1,1,1,1
1,1,1,1,1,1,1,1,1,1,1
1,1,1,1,1,1,1,1,1,1,1
1,1,1,1,1,1,1,1,1,1,1
1,1,1,1,1,1,1,1,1,1,1
1,1,1,1,1,1,1,1,1,1,1
1,1,1,1,1,1,1,1,1,1,1
1,1,1,1,1,1,1,1,1,1,1
1,1,1,1,1,1,1,1,1,1,1
1,1,1,1,1,1,1,1,1,1,1
1,1,1,1,1,1,1,1,1,1,1
1,1,1,1,1,1,1,1,1,1,1
1,1,1,1,1,1,1,1,1,1,1
1,1,1,1,1,1,1,1,1,1,1
1,1,1,1,1,1,1,1,1,1,1
1,1,1,1,1,1,1,1,1,1,1
1,1,1,1,1,1,1,1,1,1,1
1,1,1,1,1,1,1,1,1,1,1
1,1,1,1,1,1,1,1,1,1,1
1,1,1,1,1,1,1,1,1,1,1
1,1,1,1,1,1,1,1,1,1,1
1,1,1,1,1,1,1,1,1,1,1
1,1,1,1,1,1,1,1,1,1,1
1,1,1,1,1,1,1,1,1,1,1
1,1,1,1,1,1,1,1,1,1,1
1,1,1,1,1,1,1,1,1,1,1
1,1,1,1,1,1,1,1,1,1,1
1,1,1,1,1,1,1,1,1,1,1
1,1,1,1,1,1,1,1,1,1,1
1,1,1,1,1,1,1,1,1,1,1
1,1,1,1,1,1,1,1,1,1,1
1,1,1,1,1,1,1,1,1,1,1
1,1,1,1,1,1,1,1,1,1,1
1,1,1,1,1,1,1,1,1,1,1
1,1,1,1,1,1,1,1,1,1,1
1,1,1,1,1,1,1,1,1,1,1
1,1,1,1,1,1,1,1,1,1,1
1,1,1,1,1,1,1,1,1,1,1
1,1,1,1,1,1,1,1,1,1,1
1,1,1,1,1,1,1,1,1,1,1
1,1,1,1,1,1,1,1,1,1,1
1,1,1,1,1,1,1,1,1,1,1
1,1,1,1,1,1,1,1,1,1,1
1,1,1,1,1,1,1,1,1,1,1
1,1,1,1,1,1,1,1,1,1,1
1,1,1,1,1,1,1,1,1,1,1
1,1,1,1,1,1,1,1,1,1,1
1,1,1,1,1,1,1,1,1,1,1
1,1,1,1,1,1,1,1,1,1,1
1,1,1,1,1,1,1,1,1,1,1
1,1,1,1,1,1,1,1,1,1,1
1,1,1,1,1,1,1,1,1,1,1
1,1,1,1,1,1,1,1,1,1,1
1,1,1,1,1,1,1,1,1,1,1
1,1,1,1,1,1,1,1,1,1,1
1,1,1,1,1,1,1,1,1,1,1
1,1,1,1,1,1,1,1,1,1,1
1,1,1,1,1,1,1,1,1,1,1
1,1,1,1,1,1,1,1,1,1,1
1,1,1,1,1,1,1,1,1,1,1
1,1,1,1,1,1,1,1,1,1,1
1,1,1,1,1,1,1,1,1,1,1
1,1,1,1,1,1,1,1,1,1,1
1,1,1,1,1,1,1,1,1,1,1
1,1,1,1,1,1,1,1,1,1,1
1,1,1,1,1,1,1,1,1,1,1
1,1,1,1,1,1,1,1,1,1,1
1,1,1,1,1,1,1,1,1,1,1
1,1,1,1,1,1,1,1,1,1,1
1,1,1,1,1,1,1,1,1,1,1
1,1,1,1,1,1,1,1,1,1,1
1,1,1,1,1,1,1,1,1,1,1
1,1,1,1,1,1,1,1,1,1,1
1,1,1,1,1,1,1,1,1,1,1
1,1,1,1,1,1,1,1,1,1,1
1,1,1,1,1,1,1,1,1,1,1
1,1,1,1,1,1,1,1,1,1,1
1,1,1,1,1,1,1,1,1,1,1
1,1,1,1,1,1,1,1,1,1,1
1,1,1,1,1,1,1,1,1,1,1
1,1,1,1,1,1,1,1,1,1,1
1,1,1,1,1,1,1,1,1,1,1
1,1,1,1,1,1,1,1,1,1,1
1,1,1,1,1,1,1,1,1,1,1
1,1,1,1,1,1,1,1,1,1,1
1,1,1,1,1,1,1,1,1,1,1
1,1,1,1,1,1,1,1,1,1,1
1,1,1,1,1,1,1,1,1,1,1
1,1,1,1,1,1,1,1,1,1,1
1,1,1,1,1,1,1,1,1,1,1
1,1,1,1,1,1,1,1,1,1,1
1,1,1,1,1,1,1,1,1,1,1
1,1,1,1,1,1,1,1,1,1,1
1,1,1,1,1,1,1,1,1,1,1
1,1,1,1,1,1,1,1,1,1,1
1,1,1,1,1,1,1,1,1,1,1
1,1,1,1,1,1,1,1,1,1,1
1,1,1,1,1,1,1,1,1,1,1
1,1,1,1,1,1,1,1,1,1,1
1,1,1,1,1,1,1,1,1,1,1
1,1,1,1,1,1,1,1,1,1,1
1,1,1,1,1,1,1,1,1,1,1
1,1,1,1,1,1,1,1,1,1,1
1,1,1,1,1,1,1,1,1,1,1
1,0,0,0,0,0,0,0,0,0,0
1,0,0,0,0,0,0,0,0,0,0
1,0,0,0,0,0,0,0,0,0,0
1,0,0,0,0,0,0,0,0,0,0
1,0,0,0,0,0,0,0,0,0,0
1,0,0,0,0,0,0,0,0,0,0
1,0,0,0,0,0,0,0,0,0,0
1,0,0,0,0,0,0,0,0,0,0
1,0,0,0,0,0,0,0,0,0,0
1,0,0,0,0,0,0,0,0,0,0
1,0,0,0,0,0,0,0,0,0,0
1,0,0,0,0,0,0,0,0,0,0
1,0,0,0,0,0,0,0,0,0,0
1,0,0,0,0,0,0,0,0,0,0
1,0,0,0,0,0,0,0,0,0,0
1,0,0,0,0,0,0,0,0,0,0
1,0,0,0,0,0,0,0,0,0,0
1,0,0,0,0,0,0,0,0,0,0
1,0,0,0,0,0,0,0,0,0,0
1,0,0,0,0,0,0,0,0,0,0
1,0,0,0,0,0,0,0,0,0,0
1,0,0,0,0,0,0,0,0,0,0
1,0,0,0,0,0,0,0,0,0,0
1,0,0,0,0,0,0,0,0,0,0
1,0,0,0,0,0,0,0,0,0,0
1,0,0,0,0,0,0,0,0,0,0
1,0,0,0,0,0,0,0,0,0,0
1,0,0,0,0,0,0,0,0,0,0
1,0,0,0,0,0,0,0,0,0,0
1,0,0,0,0,0,0,0,0,0,0
1,0,0,0,0,0,0,0,0,0,0
1,0,0,0,0,0,0,0,0,0,0
1,0,0,0,0,0,0,0,0,0,0
1,0,0,0,0,0,0,0,0,0,0
1,0,0,0,0,0,0,0,0,0,0
1,0,0,0,0,0,0,0,0,0,0
1,0,0,0,0,0,0,0,0,0,0
1,0,0,0,0,0,0,0,0,0,0
1,0,0,0,0,0,0,0,0,0,0
1,0,0,0,0,0,0,0,0,0,0
1,0,0,0,0,0,0,0,0,0,0
1,0,0,0,0,0,0,0,0,0,0
1,0,0,0,0,0,0,0,0,0,0
1,0,0,0,0,0,0,0,0,0,0
1,0,0,0,0,0,0,0,0,0,0
1,0,0,0,0,0,0,0,0,0,0
1,0,0,0,0,0,0,0,0,0,0
1,0,0,0,0,0,0,0,0,0,0
1,0,0,0,0,0,0,0,0,0,0
1,0,0,0,0,0,0,0,0,0,0
1,0,0,0,0,0,0,0,0,0,0
1,0,0,0,0,0,0,0,0,0,0
1,0,0,0,0,0,0,0,0,0,0
1,0,0,0,0,0,0,0,0,0,0
1,0,0,0,0,0,0,0,0,0,0
1,0,0,0,0,0,0,0,0,0,0
1,0,0,0,0,0,0,0,0,0,0
1,0,0,0,0,0,0,0,0,0,0
1,0,0,0,0,0,0,0,0,0,0
1,0,0,0,0,0,0,0,0,0,0
1,0,0,0,0,0,0,0,0,0,0
1,0,0,0,0,0,0,0,0,0,0
1,0,0,0,0,0,0,0,0,0,0
1,0,0,0,0,0,0,0,0,0,0
1,0,0,0,0,0,0,0,0,0,0
1,0,0,0,0,0,0,0,0,0,0
1,0,0,0,0,0,0,0,0,0,0
1,0,0,0,0,0,0,0,0,0,0
1,0,0,0,0,0,0,0,0,0,0
1,0,0,0,0,0,0,0,0,0,0
1,0,0,0,0,0,0,0,0,0,0
1,0,0,0,0,0,0,0,0,0,0
1,0,0,0,0,0,0,0,0,0,0
1,0,0,0,0,0,0,0,0,0,0
1,0,0,0,0,0,0,0,0,0,0
1,0,0,0,0,0,0,0,0,0,0
1,0,0,0,0,0,0,0,0,0,0
1,0,0,0,0,0,0,0,0,0,0
1,0,0,0,0,0,0,0,0,0,0
1,0,0,0,0,0,0,0,0,0,0
1,0,0,0,0,0,0,0,0,0,0
1,0,0,0,0,0,0,0,0,0,0
1,0,0,0,0,0,0,0,0,0,0
1,0,0,0,0,0,0,0,0,0,0
1,0,0,0,0,0,0,0,0,0,0
1,0,0,0,0,0,0,0,0,0,0
1,0,0,0,0,0,0,0,0,0,0
1,0,0,0,0,0,0,0,0,0,0
1,0,0,0,0,0,0,0,0,0,0
1,0,0,0,0,0,0,0,0,0,0
1,0,0,0,0,0,0,0,0,0,0
1,0,0,0,0,0,0,0,0,0,0
1,0,0,0,0,0,0,0,0,0,0
1,0,0,0,0,0,0,0,0,0,0
1,0,0,0,0,0,0,0,0,0,0
1,0,0,0,0,0,0,0,0,0,0
1,0,0,0,0,0,0,0,0,0,0
1,0,0,0,0,0,0,0,0,0,0
1,0,0,0,0,0,0,0,0,0,0
1,0,0,0,0,0,0,0,0,0,0
0,1,0,0,0,0,0,0,0,0,0
0,1,0,0,0,0,0,0,0,0,0
0,1,0,0,0,0,0,0,0,0,0
0,1,0,0,0,0,0,0,0,0,0
0,1,0,0,0,0,0,0,0,0,0
0,1,0,0,0,0,0,0,0,0,0
0,1,0,0,0,0,0,0,0,0,0
0,1,0,0,0,0,0,0,0,0,0
0,1,0,0,0,0,0,0,0,0,0
0,1,0,0,0,0,0,0,0,0,0
0,1,0,0,0,0,0,0,0,0,0
0,1,0,0,0,0,0,0,0,0,0
0,1,0,0,0,0,0,0,0,0,0
0,1,0,0,0,0,0,0,0,0,0
0,1,0,0,0,0,0,0,0,0,0
0,1,0,0,0,0,0,0,0,0,0
0,1,0,0,0,0,0,0,0,0,0
0,1,0,0,0,0,0,0,0,0,0
0,1,0,0,0,0,0,0,0,0,0
0,1,0,0,0,0,0,0,0,0,0
0,1,0,0,0,0,0,0,0,0,0
0,1,0,0,0,0,0,0,0,0,0
0,1,0,0,0,0,0,0,0,0,0
0,1,0,0,0,0,0,0,0,0,0
0,1,0,0,0,0,0,0,0,0,0
0,1,0,0,0,0,0,0,0,0,0
0,1,0,0,0,0,0,0,0,0,0
0,1,0,0,0,0,0,0,0,0,0
0,1,0,0,0,0,0,0,0,0,0
0,1,0,0,0,0,0,0,0,0,0
0,1,0,0,0,0,0,0,0,0,0
0,1,0,0,0,0,0,0,0,0,0
0,1,0,0,0,0,0,0,0,0,0
0,1,0,0,0,0,0,0,0,0,0
0,1,0,0,0,0,0,0,0,0,0
0,1,0,0,0,0,0,0,0,0,0
0,1,0,0,0,0,0,0,0,0,0
0,1,0,0,0,0,0,0,0,0,0
0,1,0,0,0,0,0,0,0,0,0
0,1,0,0,0,0,0,0,0,0,0
0,1,0,0,0,0,0,0,0,0,0
0,1,0,0,0,0,0,0,0,0,0
0,1,0,0,0,0,0,0,0,0,0
0,1,0,0,0,0,0,0,0,0,0
0,1,0,0,0,0,0,0,0,0,0
0,1,0,0,0,0,0,0,0,0,0
0,1,0,0,0,0,0,0,0,0,0
0,1,0,0,0,0,0,0,0,0,0
0,1,0,0,0,0,0,0,0,0,0
0,1,0,0,0,0,0,0,0,0,0
0,1,0,0,0,0,0,0,0,0,0
0,1,0,0,0,0,0,0,0,0,0
0,1,0,0,0,0,0,0,0,0,0
0,1,0,0,0,0,0,0,0,0,0
0,1,0,0,0,0,0,0,0,0,0
0,1,0,0,0,0,0,0,0,0,0
0,1,0,0,0,0,0,0,0,0,0
0,1,0,0,0,0,0,0,0,0,0
0,1,0,0,0,0,0,0,0,0,0
0,1,0,0,0,0,0,0,0,0,0
0,1,0,0,0,0,0,0,0,0,0
0,1,0,0,0,0,0,0,0,0,0
0,1,0,0,0,0,0,0,0,0,0
0,1,0,0,0,0,0,0,0,0,0
0,1,0,0,0,0,0,0,0,0,0
0,1,0,0,0,0,0,0,0,0,0
0,1,0,0,0,0,0,0,0,0,0
0,1,0,0,0,0,0,0,0,0,0
0,1,0,0,0,0,0,0,0,0,0
0,1,0,0,0,0,0,0,0,0,0
0,1,0,0,0,0,0,0,0,0,0
0,1,0,0,0,0,0,0,0,0,0
0,1,0,0,0,0,0,0,0,0,0
0,1,0,0,0,0,0,0,0,0,0
0,1,0,0,0,0,0,0,0,0,0
0,1,0,0,0,0,0,0,0,0,0
0,1,0,0,0,0,0,0,0,0,0
0,1,0,0,0,0,0,0,0,0,0
0,1,0,0,0,0,0,0,0,0,0
0,1,0,0,0,0,0,0,0,0,0
0,1,0,0,0,0,0,0,0,0,0
0,1,0,0,0,0,0,0,0,0,0
0,1,0,0,0,0,0,0,0,0,0
0,1,0,0,0,0,0,0,0,0,0
0,1,0,0,0,0,0,0,0,0,0
0,1,0,0,0,0,0,0,0,0,0
0,1,0,0,0,0,0,0,0,0,0
0,1,0,0,0,0,0,0,0,0,0
0,1,0,0,0,0,0,0,0,0,0
0,1,0,0,0,0,0,0,0,0,0
0,1,0,0,0,0,0,0,0,0,0
0,1,0,0,0,0,0,0,0,0,0
0,1,0,0,0,0,0,0,0,0,0
0,1,0,0,0,0,0,0,0,0,0
0,1,0,0,0,0,0,0,0,0,0
0,1,0,0,0,0,0,0,0,0,0
0,1,0,0,0,0,0,0,0,0,0
0,1,0,0,0,0,0,0,0,0,0
0,1,0,0,0,0,0,0,0,0,0
0,1,0,0,0,0,0,0,0,0,0
0,0,1,0,0,0,0,0,0,0,0
0,0,1,0,0,0,0,0,0,0,0
0,0,1,0,0,0,0,0,0,0,0
0,0,1,0,0,0,0,0,0,0,0
0,0,1,0,0,0,0,0,0,0,0
0,0,1,0,0,0,0,0,0,0,0
0,0,1,0,0,0,0,0,0,0,0
0,0,1,0,0,0,0,0,0,0,0
0,0,1,0,0,0,0,0,0,0,0
0,0,1,0,0,0,0,0,0,0,0
0,0,1,0,0,0,0,0,0,0,0
0,0,1,0,0,0,0,0,0,0,0
0,0,1,0,0,0,0,0,0,0,0
0,0,1,0,0,0,0,0,0,0,0
0,0,1,0,0,0,0,0,0,0,0
0,0,1,0,0,0,0,0,0,0,0
0,0,1,0,0,0,0,0,0,0,0
0,0,1,0,0,0,0,0,0,0,0
0,0,1,0,0,0,0,0,0,0,0
0,0,1,0,0,0,0,0,0,0,0
0,0,1,0,0,0,0,0,0,0,0
0,0,1,0,0,0,0,0,0,0,0
0,0,1,0,0,0,0,0,0,0,0
0,0,1,0,0,0,0,0,0,0,0
0,0,1,0,0,0,0,0,0,0,0
0,0,1,0,0,0,0,0,0,0,0
0,0,1,0,0,0,0,0,0,0,0
0,0,1,0,0,0,0,0,0,0,0
0,0,1,0,0,0,0,0,0,0,0
0,0,1,0,0,0,0,0,0,0,0
0,0,1,0,0,0,0,0,0,0,0
0,0,1,0,0,0,0,0,0,0,0
0,0,1,0,0,0,0,0,0,0,0
0,0,1,0,0,0,0,0,0,0,0
0,0,1,0,0,0,0,0,0,0,0
0,0,1,0,0,0,0,0,0,0,0
0,0,1,0,0,0,0,0,0,0,0
0,0,1,0,0,0,0,0,0,0,0
0,0,1,0,0,0,0,0,0,0,0
0,0,1,0,0,0,0,0,0,0,0
0,0,1,0,0,0,0,0,0,0,0
0,0,1,0,0,0,0,0,0,0,0
0,0,1,0,0,0,0,0,0,0,0
0,0,1,0,0,0,0,0,0,0,0
0,0,1,0,0,0,0,0,0,0,0
0,0,1,0,0,0,0,0,0,0,0
0,0,1,0,0,0,0,0,0,0,0
0,0,1,0,0,0,0,0,0,0,0
0,0,1,0,0,0,0,0,0,0,0
0,0,1,0,0,0,0,0,0,0,0
0,0,1,0,0,0,0,0,0,0,0
0,0,1,0,0,0,0,0,0,0,0
0,0,1,0,0,0,0,0,0,0,0
0,0,1,0,0,0,0,0,0,0,0
0,0,1,0,0,0,0,0,0,0,0
0,0,1,0,0,0,0,0,0,0,0
0,0,1,0,0,0,0,0,0,0,0
0,0,1,0,0,0,0,0,0,0,0
0,0,1,0,0,0,0,0,0,0,0
0,0,1,0,0,0,0,0,0,0,0
0,0,1,0,0,0,0,0,0,0,0
0,0,1,0,0,0,0,0,0,0,0
0,0,1,0,0,0,0,0,0,0,0
0,0,1,0,0,0,0,0,0,0,0
0,0,1,0,0,0,0,0,0,0,0
0,0,1,0,0,0,0,0,0,0,0
0,0,1,0,0,0,0,0,0,0,0
0,0,1,0,0,0,0,0,0,0,0
0,0,1,0,0,0,0,0,0,0,0
0,0,1,0,0,0,0,0,0,0,0
0,0,1,0,0,0,0,0,0,0,0
0,0,1,0,0,0,0,0,0,0,0
0,0,1,0,0,0,0,0,0,0,0
0,0,1,0,0,0,0,0,0,0,0
0,0,1,0,0,0,0,0,0,0,0
0,0,1,0,0,0,0,0,0,0,0
0,0,1,0,0,0,0,0,0,0,0
0,0,1,0,0,0,0,0,0,0,0
0,0,1,0,0,0,0,0,0,0,0
0,0,1,0,0,0,0,0,0,0,0
0,0,1,0,0,0,0,0,0,0,0
0,0,1,0,0,0,0,0,0,0,0
0,0,1,0,0,0,0,0,0,0,0
0,0,1,0,0,0,0,0,0,0,0
0,0,1,0,0,0,0,0,0,0,0
0,0,1,0,0,0,0,0,0,0,0
0,0,1,0,0,0,0,0,0,0,0
0,0,1,0,0,0,0,0,0,0,0
0,0,1,0,0,0,0,0,0,0,0
0,0,1,0,0,0,0,0,0,0,0
0,0,1,0,0,0,0,0,0,0,0
0,0,1,0,0,0,0,0,0,0,0
0,0,1,0,0,0,0,0,0,0,0
0,0,1,0,0,0,0,0,0,0,0
0,0,1,0,0,0,0,0,0,0,0
0,0,1,0,0,0,0,0,0,0,0
0,0,1,0,0,0,0,0,0,0,0
0,0,1,0,0,0,0,0,0,0,0
0,0,1,0,0,0,0,0,0,0,0
0,0,1,0,0,0,0,0,0,0,0
0,0,0,1,0,0,0,0,0,0,0
0,0,0,1,0,0,0,0,0,0,0
0,0,0,1,0,0,0,0,0,0,0
0,0,0,1,0,0,0,0,0,0,0
0,0,0,1,0,0,0,0,0,0,0
0,0,0,1,0,0,0,0,0,0,0
0,0,0,1,0,0,0,0,0,0,0
0,0,0,1,0,0,0,0,0,0,0
0,0,0,1,0,0,0,0,0,0,0
0,0,0,1,0,0,0,0,0,0,0
0,0,0,1,0,0,0,0,0,0,0
0,0,0,1,0,0,0,0,0,0,0
0,0,0,1,0,0,0,0,0,0,0
0,0,0,1,0,0,0,0,0,0,0
0,0,0,1,0,0,0,0,0,0,0
0,0,0,1,0,0,0,0,0,0,0
0,0,0,1,0,0,0,0,0,0,0
0,0,0,1,0,0,0,0,0,0,0
0,0,0,1,0,0,0,0,0,0,0
0,0,0,1,0,0,0,0,0,0,0
0,0,0,1,0,0,0,0,0,0,0
0,0,0,1,0,0,0,0,0,0,0
0,0,0,1,0,0,0,0,0,0,0
0,0,0,1,0,0,0,0,0,0,0
0,0,0,1,0,0,0,0,0,0,0
0,0,0,1,0,0,0,0,0,0,0
0,0,0,1,0,0,0,0,0,0,0
0,0,0,1,0,0,0,0,0,0,0
0,0,0,1,0,0,0,0,0,0,0
0,0,0,1,0,0,0,0,0,0,0
0,0,0,1,0,0,0,0,0,0,0
0,0,0,1,0,0,0,0,0,0,0
0,0,0,1,0,0,0,0,0,0,0
0,0,0,1,0,0,0,0,0,0,0
0,0,0,1,0,0,0,0,0,0,0
0,0,0,1,0,0,0,0,0,0,0
0,0,0,1,0,0,0,0,0,0,0
0,0,0,1,0,0,0,0,0,0,0
0,0,0,1,0,0,0,0,0,0,0
0,0,0,1,0,0,0,0,0,0,0
0,0,0,1,0,0,0,0,0,0,0
0,0,0,1,0,0,0,0,0,0,0
0,0,0,1,0,0,0,0,0,0,0
0,0,0,1,0,0,0,0,0,0,0
0,0,0,1,0,0,0,0,0,0,0
0,0,0,1,0,0,0,0,0,0,0
0,0,0,1,0,0,0,0,0,0,0
0,0,0,1,0,0,0,0,0,0,0
0,0,0,1,0,0,0,0,0,0,0
0,0,0,1,0,0,0,0,0,0,0
0,0,0,1,0,0,0,0,0,0,0
0,0,0,1,0,0,0,0,0,0,0
0,0,0,1,0,0,0,0,0,0,0
0,0,0,1,0,0,0,0,0,0,0
0,0,0,1,0,0,0,0,0,0,0
0,0,0,1,0,0,0,0,0,0,0
0,0,0,1,0,0,0,0,0,0,0
0,0,0,1,0,0,0,0,0,0,0
0,0,0,1,0,0,0,0,0,0,0
0,0,0,1,0,0,0,0,0,0,0
0,0,0,1,0,0,0,0,0,0,0
0,0,0,1,0,0,0,0,0,0,0
0,0,0,1,0,0,0,0,0,0,0
0,0,0,1,0,0,0,0,0,0,0
0,0,0,1,0,0,0,0,0,0,0
0,0,0,1,0,0,0,0,0,0,0
0,0,0,1,0,0,0,0,0,0,0
0,0,0,1,0,0,0,0,0,0,0
0,0,0,1,0,0,0,0,0,0,0
0,0,0,1,0,0,0,0,0,0,0
0,0,0,1,0,0,0,0,0,0,0
0,0,0,1,0,0,0,0,0,0,0
0,0,0,1,0,0,0,0,0,0,0
0,0,0,1,0,0,0,0,0,0,0
0,0,0,1,0,0,0,0,0,0,0
0,0,0,1,0,0,0,0,0,0,0
0,0,0,1,0,0,0,0,0,0,0
0,0,0,1,0,0,0,0,0,0,0
0,0,0,1,0,0,0,0,0,0,0
0,0,0,1,0,0,0,0,0,0,0
0,0,0,1,0,0,0,0,0,0,0
0,0,0,1,0,0,0,0,0,0,0
0,0,0,1,0,0,0,0,0,0,0
0,0,0,1,0,0,0,0,0,0,0
0,0,0,1,0,0,0,0,0,0,0
0,0,0,1,0,0,0,0,0,0,0
0,0,0,1,0,0,0,0,0,0,0
0,0,0,1,0,0,0,0,0,0,0
0,0,0,1,0,0,0,0,0,0,0
0,0,0,1,0,0,0,0,0,0,0
0,0,0,1,0,0,0,0,0,0,0
0,0,0,1,0,0,0,0,0,0,0
0,0,0,1,0,0,0,0,0,0,0
0,0,0,1,0,0,0,0,0,0,0
0,0,0,1,0,0,0,0,0,0,0
0,0,0,1,0,0,0,0,0,0,0
0,0,0,1,0,0,0,0,0,0,0
0,0,0,1,0,0,0,0,0,0,0
0,0,0,1,0,0,0,0,0,0,0
0,0,0,1,0,0,0,0,0,0,0
0,0,0,0,1,0,0,0,0,0,0
0,0,0,0,1,0,0,0,0,0,0
0,0,0,0,1,0,0,0,0,0,0
0,0,0,0,1,0,0,0,0,0,0
0,0,0,0,1,0,0,0,0,0,0
0,0,0,0,1,0,0,0,0,0,0
0,0,0,0,1,0,0,0,0,0,0
0,0,0,0,1,0,0,0,0,0,0
0,0,0,0,1,0,0,0,0,0,0
0,0,0,0,1,0,0,0,0,0,0
0,0,0,0,1,0,0,0,0,0,0
0,0,0,0,1,0,0,0,0,0,0
0,0,0,0,1,0,0,0,0,0,0
0,0,0,0,1,0,0,0,0,0,0
0,0,0,0,1,0,0,0,0,0,0
0,0,0,0,1,0,0,0,0,0,0
0,0,0,0,1,0,0,0,0,0,0
0,0,0,0,1,0,0,0,0,0,0
0,0,0,0,1,0,0,0,0,0,0
0,0,0,0,1,0,0,0,0,0,0
0,0,0,0,1,0,0,0,0,0,0
0,0,0,0,1,0,0,0,0,0,0
0,0,0,0,1,0,0,0,0,0,0
0,0,0,0,1,0,0,0,0,0,0
0,0,0,0,1,0,0,0,0,0,0
0,0,0,0,1,0,0,0,0,0,0
0,0,0,0,1,0,0,0,0,0,0
0,0,0,0,1,0,0,0,0,0,0
0,0,0,0,1,0,0,0,0,0,0
0,0,0,0,1,0,0,0,0,0,0
0,0,0,0,1,0,0,0,0,0,0
0,0,0,0,1,0,0,0,0,0,0
0,0,0,0,1,0,0,0,0,0,0
0,0,0,0,1,0,0,0,0,0,0
0,0,0,0,1,0,0,0,0,0,0
0,0,0,0,1,0,0,0,0,0,0
0,0,0,0,1,0,0,0,0,0,0
0,0,0,0,1,0,0,0,0,0,0
0,0,0,0,1,0,0,0,0,0,0
0,0,0,0,1,0,0,0,0,0,0
0,0,0,0,1,0,0,0,0,0,0
0,0,0,0,1,0,0,0,0,0,0
0,0,0,0,1,0,0,0,0,0,0
0,0,0,0,1,0,0,0,0,0,0
0,0,0,0,1,0,0,0,0,0,0
0,0,0,0,1,0,0,0,0,0,0
0,0,0,0,1,0,0,0,0,0,0
0,0,0,0,1,0,0,0,0,0,0
0,0,0,0,1,0,0,0,0,0,0
0,0,0,0,1,0,0,0,0,0,0
0,0,0,0,1,0,0,0,0,0,0
0,0,0,0,1,0,0,0,0,0,0
0,0,0,0,1,0,0,0,0,0,0
0,0,0,0,1,0,0,0,0,0,0
0,0,0,0,1,0,0,0,0,0,0
0,0,0,0,1,0,0,0,0,0,0
0,0,0,0,1,0,0,0,0,0,0
0,0,0,0,1,0,0,0,0,0,0
0,0,0,0,1,0,0,0,0,0,0
0,0,0,0,1,0,0,0,0,0,0
0,0,0,0,1,0,0,0,0,0,0
0,0,0,0,1,0,0,0,0,0,0
0,0,0,0,1,0,0,0,0,0,0
0,0,0,0,1,0,0,0,0,0,0
0,0,0,0,1,0,0,0,0,0,0
0,0,0,0,1,0,0,0,0,0,0
0,0,0,0,1,0,0,0,0,0,0
0,0,0,0,1,0,0,0,0,0,0
0,0,0,0,1,0,0,0,0,0,0
0,0,0,0,1,0,0,0,0,0,0
0,0,0,0,1,0,0,0,0,0,0
0,0,0,0,1,0,0,0,0,0,0
0,0,0,0,1,0,0,0,0,0,0
0,0,0,0,1,0,0,0,0,0,0
0,0,0,0,1,0,0,0,0,0,0
0,0,0,0,1,0,0,0,0,0,0
0,0,0,0,1,0,0,0,0,0,0
0,0,0,0,1,0,0,0,0,0,0
0,0,0,0,1,0,0,0,0,0,0
0,0,0,0,1,0,0,0,0,0,0
0,0,0,0,1,0,0,0,0,0,0
0,0,0,0,1,0,0,0,0,0,0
0,0,0,0,1,0,0,0,0,0,0
0,0,0,0,1,0,0,0,0,0,0
0,0,0,0,1,0,0,0,0,0,0
0,0,0,0,1,0,0,0,0,0,0
0,0,0,0,1,0,0,0,0,0,0
0,0,0,0,1,0,0,0,0,0,0
0,0,0,0,1,0,0,0,0,0,0
0,0,0,0,1,0,0,0,0,0,0
0,0,0,0,1,0,0,0,0,0,0
0,0,0,0,1,0,0,0,0,0,0
0,0,0,0,1,0,0,0,0,0,0
0,0,0,0,1,0,0,0,0,0,0
0,0,0,0,1,0,0,0,0,0,0
0,0,0,0,1,0,0,0,0,0,0
0,0,0,0,1,0,0,0,0,0,0
0,0,0,0,1,0,0,0,0,0,0
0,0,0,0,1,0,0,0,0,0,0
0,0,0,0,1,0,0,0,0,0,0
0,0,0,0,0,1,0,0,0,0,0
0,0,0,0,0,1,0,0,0,0,0
0,0,0,0,0,1,0,0,0,0,0
0,0,0,0,0,1,0,0,0,0,0
0,0,0,0,0,1,0,0,0,0,0
0,0,0,0,0,1,0,0,0,0,0
0,0,0,0,0,1,0,0,0,0,0
0,0,0,0,0,1,0,0,0,0,0
0,0,0,0,0,1,0,0,0,0,0
0,0,0,0,0,1,0,0,0,0,0
0,0,0,0,0,1,0,0,0,0,0
0,0,0,0,0,1,0,0,0,0,0
0,0,0,0,0,1,0,0,0,0,0
0,0,0,0,0,1,0,0,0,0,0
0,0,0,0,0,1,0,0,0,0,0
0,0,0,0,0,1,0,0,0,0,0
0,0,0,0,0,1,0,0,0,0,0
0,0,0,0,0,1,0,0,0,0,0
0,0,0,0,0,1,0,0,0,0,0
0,0,0,0,0,1,0,0,0,0,0
0,0,0,0,0,1,0,0,0,0,0
0,0,0,0,0,1,0,0,0,0,0
0,0,0,0,0,1,0,0,0,0,0
0,0,0,0,0,1,0,0,0,0,0
0,0,0,0,0,1,0,0,0,0,0
0,0,0,0,0,1,0,0,0,0,0
0,0,0,0,0,1,0,0,0,0,0
0,0,0,0,0,1,0,0,0,0,0
0,0,0,0,0,1,0,0,0,0,0
0,0,0,0,0,1,0,0,0,0,0
0,0,0,0,0,1,0,0,0,0,0
0,0,0,0,0,1,0,0,0,0,0
0,0,0,0,0,1,0,0,0,0,0
0,0,0,0,0,1,0,0,0,0,0
0,0,0,0,0,1,0,0,0,0,0
0,0,0,0,0,1,0,0,0,0,0
0,0,0,0,0,1,0,0,0,0,0
0,0,0,0,0,1,0,0,0,0,0
0,0,0,0,0,1,0,0,0,0,0
0,0,0,0,0,1,0,0,0,0,0
0,0,0,0,0,1,0,0,0,0,0
0,0,0,0,0,1,0,0,0,0,0
0,0,0,0,0,1,0,0,0,0,0
0,0,0,0,0,1,0,0,0,0,0
0,0,0,0,0,1,0,0,0,0,0
0,0,0,0,0,1,0,0,0,0,0
0,0,0,0,0,1,0,0,0,0,0
0,0,0,0,0,1,0,0,0,0,0
0,0,0,0,0,1,0,0,0,0,0
0,0,0,0,0,1,0,0,0,0,0
0,0,0,0,0,1,0,0,0,0,0
0,0,0,0,0,1,0,0,0,0,0
0,0,0,0,0,1,0,0,0,0,0
0,0,0,0,0,1,0,0,0,0,0
0,0,0,0,0,1,0,0,0,0,0
0,0,0,0,0,1,0,0,0,0,0
0,0,0,0,0,1,0,0,0,0,0
0,0,0,0,0,1,0,0,0,0,0
0,0,0,0,0,1,0,0,0,0,0
0,0,0,0,0,1,0,0,0,0,0
0,0,0,0,0,1,0,0,0,0,0
0,0,0,0,0,1,0,0,0,0,0
0,0,0,0,0,1,0,0,0,0,0
0,0,0,0,0,1,0,0,0,0,0
0,0,0,0,0,1,0,0,0,0,0
0,0,0,0,0,1,0,0,0,0,0
0,0,0,0,0,1,0,0,0,0,0
0,0,0,0,0,1,0,0,0,0,0
0,0,0,0,0,1,0,0,0,0,0
0,0,0,0,0,1,0,0,0,0,0
0,0,0,0,0,1,0,0,0,0,0
0,0,0,0,0,1,0,0,0,0,0
0,0,0,0,0,1,0,0,0,0,0
0,0,0,0,0,1,0,0,0,0,0
0,0,0,0,0,1,0,0,0,0,0
0,0,0,0,0,1,0,0,0,0,0
0,0,0,0,0,1,0,0,0,0,0
0,0,0,0,0,1,0,0,0,0,0
0,0,0,0,0,1,0,0,0,0,0
0,0,0,0,0,1,0,0,0,0,0
0,0,0,0,0,1,0,0,0,0,0
0,0,0,0,0,1,0,0,0,0,0
0,0,0,0,0,1,0,0,0,0,0
0,0,0,0,0,1,0,0,0,0,0
0,0,0,0,0,1,0,0,0,0,0
0,0,0,0,0,1,0,0,0,0,0
0,0,0,0,0,1,0,0,0,0,0
0,0,0,0,0,1,0,0,0,0,0
0,0,0,0,0,1,0,0,0,0,0
0,0,0,0,0,1,0,0,0,0,0
0,0,0,0,0,1,0,0,0,0,0
0,0,0,0,0,1,0,0,0,0,0
0,0,0,0,0,1,0,0,0,0,0
0,0,0,0,0,1,0,0,0,0,0
0,0,0,0,0,1,0,0,0,0,0
0,0,0,0,0,1,0,0,0,0,0
0,0,0,0,0,1,0,0,0,0,0
0,0,0,0,0,1,0,0,0,0,0
0,0,0,0,0,1,0,0,0,0,0
0,0,0,0,0,1,0,0,0,0,0
0,0,0,0,0,0,1,0,0,0,0
0,0,0,0,0,0,1,0,0,0,0
0,0,0,0,0,0,1,0,0,0,0
0,0,0,0,0,0,1,0,0,0,0
0,0,0,0,0,0,1,0,0,0,0
0,0,0,0,0,0,1,0,0,0,0
0,0,0,0,0,0,1,0,0,0,0
0,0,0,0,0,0,1,0,0,0,0
0,0,0,0,0,0,1,0,0,0,0
0,0,0,0,0,0,1,0,0,0,0
0,0,0,0,0,0,1,0,0,0,0
0,0,0,0,0,0,1,0,0,0,0
0,0,0,0,0,0,1,0,0,0,0
0,0,0,0,0,0,1,0,0,0,0
0,0,0,0,0,0,1,0,0,0,0
0,0,0,0,0,0,1,0,0,0,0
0,0,0,0,0,0,1,0,0,0,0
0,0,0,0,0,0,1,0,0,0,0
0,0,0,0,0,0,1,0,0,0,0
0,0,0,0,0,0,1,0,0,0,0
0,0,0,0,0,0,1,0,0,0,0
0,0,0,0,0,0,1,0,0,0,0
0,0,0,0,0,0,1,0,0,0,0
0,0,0,0,0,0,1,0,0,0,0
0,0,0,0,0,0,1,0,0,0,0
0,0,0,0,0,0,1,0,0,0,0
0,0,0,0,0,0,1,0,0,0,0
0,0,0,0,0,0,1,0,0,0,0
0,0,0,0,0,0,1,0,0,0,0
0,0,0,0,0,0,1,0,0,0,0
0,0,0,0,0,0,1,0,0,0,0
0,0,0,0,0,0,1,0,0,0,0
0,0,0,0,0,0,1,0,0,0,0
0,0,0,0,0,0,1,0,0,0,0
0,0,0,0,0,0,1,0,0,0,0
0,0,0,0,0,0,1,0,0,0,0
0,0,0,0,0,0,1,0,0,0,0
0,0,0,0,0,0,1,0,0,0,0
0,0,0,0,0,0,1,0,0,0,0
0,0,0,0,0,0,1,0,0,0,0
0,0,0,0,0,0,1,0,0,0,0
0,0,0,0,0,0,1,0,0,0,0
0,0,0,0,0,0,1,0,0,0,0
0,0,0,0,0,0,1,0,0,0,0
0,0,0,0,0,0,1,0,0,0,0
0,0,0,0,0,0,1,0,0,0,0
0,0,0,0,0,0,1,0,0,0,0
0,0,0,0,0,0,1,0,0,0,0
0,0,0,0,0,0,1,0,0,0,0
0,0,0,0,0,0,1,0,0,0,0
0,0,0,0,0,0,1,0,0,0,0
0,0,0,0,0,0,1,0,0,0,0
0,0,0,0,0,0,1,0,0,0,0
0,0,0,0,0,0,1,0,0,0,0
0,0,0,0,0,0,1,0,0,0,0
0,0,0,0,0,0,1,0,0,0,0
0,0,0,0,0,0,1,0,0,0,0
0,0,0,0,0,0,1,0,0,0,0
0,0,0,0,0,0,1,0,0,0,0
0,0,0,0,0,0,1,0,0,0,0
0,0,0,0,0,0,1,0,0,0,0
0,0,0,0,0,0,1,0,0,0,0
0,0,0,0,0,0,1,0,0,0,0
0,0,0,0,0,0,1,0,0,0,0
0,0,0,0,0,0,1,0,0,0,0
0,0,0,0,0,0,1,0,0,0,0
0,0,0,0,0,0,1,0,0,0,0
0,0,0,0,0,0,1,0,0,0,0
0,0,0,0,0,0,1,0,0,0,0
0,0,0,0,0,0,1,0,0,0,0
0,0,0,0,0,0,1,0,0,0,0
0,0,0,0,0,0,1,0,0,0,0
0,0,0,0,0,0,1,0,0,0,0
0,0,0,0,0,0,1,0,0,0,0
0,0,0,0,0,0,1,0,0,0,0
0,0,0,0,0,0,1,0,0,0,0
0,0,0,0,0,0,1,0,0,0,0
0,0,0,0,0,0,1,0,0,0,0
0,0,0,0,0,0,1,0,0,0,0
0,0,0,0,0,0,1,0,0,0,0
0,0,0,0,0,0,1,0,0,0,0
0,0,0,0,0,0,1,0,0,0,0
0,0,0,0,0,0,1,0,0,0,0
0,0,0,0,0,0,1,0,0,0,0
0,0,0,0,0,0,1,0,0,0,0
0,0,0,0,0,0,1,0,0,0,0
0,0,0,0,0,0,1,0,0,0,0
0,0,0,0,0,0,1,0,0,0,0
0,0,0,0,0,0,1,0,0,0,0
0,0,0,0,0,0,1,0,0,0,0
0,0,0,0,0,0,1,0,0,0,0
0,0,0,0,0,0,1,0,0,0,0
0,0,0,0,0,0,1,0,0,0,0
0,0,0,0,0,0,1,0,0,0,0
0,0,0,0,0,0,1,0,0,0,0
0,0,0,0,0,0,1,0,0,0,0
0,0,0,0,0,0,1,0,0,0,0
0,0,0,0,0,0,1,0,0,0,0
0,0,0,0,0,0,1,0,0,0,0
0,0,0,0,0,0,1,0,0,0,0
0,0,0,0,0,0,0,1,0,0,0
0,0,0,0,0,0,0,1,0,0,0
0,0,0,0,0,0,0,1,0,0,0
0,0,0,0,0,0,0,1,0,0,0
0,0,0,0,0,0,0,1,0,0,0
0,0,0,0,0,0,0,1,0,0,0
0,0,0,0,0,0,0,1,0,0,0
0,0,0,0,0,0,0,1,0,0,0
0,0,0,0,0,0,0,1,0,0,0
0,0,0,0,0,0,0,1,0,0,0
0,0,0,0,0,0,0,1,0,0,0
0,0,0,0,0,0,0,1,0,0,0
0,0,0,0,0,0,0,1,0,0,0
0,0,0,0,0,0,0,1,0,0,0
0,0,0,0,0,0,0,1,0,0,0
0,0,0,0,0,0,0,1,0,0,0
0,0,0,0,0,0,0,1,0,0,0
0,0,0,0,0,0,0,1,0,0,0
0,0,0,0,0,0,0,1,0,0,0
0,0,0,0,0,0,0,1,0,0,0
0,0,0,0,0,0,0,1,0,0,0
0,0,0,0,0,0,0,1,0,0,0
0,0,0,0,0,0,0,1,0,0,0
0,0,0,0,0,0,0,1,0,0,0
0,0,0,0,0,0,0,1,0,0,0
0,0,0,0,0,0,0,1,0,0,0
0,0,0,0,0,0,0,1,0,0,0
0,0,0,0,0,0,0,1,0,0,0
0,0,0,0,0,0,0,1,0,0,0
0,0,0,0,0,0,0,1,0,0,0
0,0,0,0,0,0,0,1,0,0,0
0,0,0,0,0,0,0,1,0,0,0
0,0,0,0,0,0,0,1,0,0,0
0,0,0,0,0,0,0,1,0,0,0
0,0,0,0,0,0,0,1,0,0,0
0,0,0,0,0,0,0,1,0,0,0
0,0,0,0,0,0,0,1,0,0,0
0,0,0,0,0,0,0,1,0,0,0
0,0,0,0,0,0,0,1,0,0,0
0,0,0,0,0,0,0,1,0,0,0
0,0,0,0,0,0,0,1,0,0,0
0,0,0,0,0,0,0,1,0,0,0
0,0,0,0,0,0,0,1,0,0,0
0,0,0,0,0,0,0,1,0,0,0
0,0,0,0,0,0,0,1,0,0,0
0,0,0,0,0,0,0,1,0,0,0
0,0,0,0,0,0,0,1,0,0,0
0,0,0,0,0,0,0,1,0,0,0
0,0,0,0,0,0,0,1,0,0,0
0,0,0,0,0,0,0,1,0,0,0
0,0,0,0,0,0,0,1,0,0,0
0,0,0,0,0,0,0,1,0,0,0
0,0,0,0,0,0,0,1,0,0,0
0,0,0,0,0,0,0,1,0,0,0
0,0,0,0,0,0,0,1,0,0,0
0,0,0,0,0,0,0,1,0,0,0
0,0,0,0,0,0,0,1,0,0,0
0,0,0,0,0,0,0,1,0,0,0
0,0,0,0,0,0,0,1,0,0,0
0,0,0,0,0,0,0,1,0,0,0
0,0,0,0,0,0,0,1,0,0,0
0,0,0,0,0,0,0,1,0,0,0
0,0,0,0,0,0,0,1,0,0,0
0,0,0,0,0,0,0,1,0,0,0
0,0,0,0,0,0,0,1,0,0,0
0,0,0,0,0,0,0,1,0,0,0
0,0,0,0,0,0,0,1,0,0,0
0,0,0,0,0,0,0,1,0,0,0
0,0,0,0,0,0,0,1,0,0,0
0,0,0,0,0,0,0,1,0,0,0
0,0,0,0,0,0,0,1,0,0,0
0,0,0,0,0,0,0,1,0,0,0
0,0,0,0,0,0,0,1,0,0,0
0,0,0,0,0,0,0,1,0,0,0
0,0,0,0,0,0,0,1,0,0,0
0,0,0,0,0,0,0,1,0,0,0
0,0,0,0,0,0,0,1,0,0,0
0,0,0,0,0,0,0,1,0,0,0
0,0,0,0,0,0,0,1,0,0,0
0,0,0,0,0,0,0,1,0,0,0
0,0,0,0,0,0,0,1,0,0,0
0,0,0,0,0,0,0,1,0,0,0
0,0,0,0,0,0,0,1,0,0,0
0,0,0,0,0,0,0,1,0,0,0
0,0,0,0,0,0,0,1,0,0,0
0,0,0,0,0,0,0,1,0,0,0
0,0,0,0,0,0,0,1,0,0,0
0,0,0,0,0,0,0,1,0,0,0
0,0,0,0,0,0,0,1,0,0,0
0,0,0,0,0,0,0,1,0,0,0
0,0,0,0,0,0,0,1,0,0,0
0,0,0,0,0,0,0,1,0,0,0
0,0,0,0,0,0,0,1,0,0,0
0,0,0,0,0,0,0,1,0,0,0
0,0,0,0,0,0,0,1,0,0,0
0,0,0,0,0,0,0,1,0,0,0
0,0,0,0,0,0,0,1,0,0,0
0,0,0,0,0,0,0,1,0,0,0
0,0,0,0,0,0,0,1,0,0,0
0,0,0,0,0,0,0,1,0,0,0
0,0,0,0,0,0,0,0,1,0,0
0,0,0,0,0,0,0,0,1,0,0
0,0,0,0,0,0,0,0,1,0,0
0,0,0,0,0,0,0,0,1,0,0
0,0,0,0,0,0,0,0,1,0,0
0,0,0,0,0,0,0,0,1,0,0
0,0,0,0,0,0,0,0,1,0,0
0,0,0,0,0,0,0,0,1,0,0
0,0,0,0,0,0,0,0,1,0,0
0,0,0,0,0,0,0,0,1,0,0
0,0,0,0,0,0,0,0,1,0,0
0,0,0,0,0,0,0,0,1,0,0
0,0,0,0,0,0,0,0,1,0,0
0,0,0,0,0,0,0,0,1,0,0
0,0,0,0,0,0,0,0,1,0,0
0,0,0,0,0,0,0,0,1,0,0
0,0,0,0,0,0,0,0,1,0,0
0,0,0,0,0,0,0,0,1,0,0
0,0,0,0,0,0,0,0,1,0,0
0,0,0,0,0,0,0,0,1,0,0
0,0,0,0,0,0,0,0,1,0,0
0,0,0,0,0,0,0,0,1,0,0
0,0,0,0,0,0,0,0,1,0,0
0,0,0,0,0,0,0,0,1,0,0
0,0,0,0,0,0,0,0,1,0,0
0,0,0,0,0,0,0,0,1,0,0
0,0,0,0,0,0,0,0,1,0,0
0,0,0,0,0,0,0,0,1,0,0
0,0,0,0,0,0,0,0,1,0,0
0,0,0,0,0,0,0,0,1,0,0
0,0,0,0,0,0,0,0,1,0,0
0,0,0,0,0,0,0,0,1,0,0
0,0,0,0,0,0,0,0,1,0,0
0,0,0,0,0,0,0,0,1,0,0
0,0,0,0,0,0,0,0,1,0,0
0,0,0,0,0,0,0,0,1,0,0
0,0,0,0,0,0,0,0,1,0,0
0,0,0,0,0,0,0,0,1,0,0
0,0,0,0,0,0,0,0,1,0,0
0,0,0,0,0,0,0,0,1,0,0
0,0,0,0,0,0,0,0,1,0,0
0,0,0,0,0,0,0,0,1,0,0
0,0,0,0,0,0,0,0,1,0,0
0,0,0,0,0,0,0,0,1,0,0
0,0,0,0,0,0,0,0,1,0,0
0,0,0,0,0,0,0,0,1,0,0
0,0,0,0,0,0,0,0,1,0,0
0,0,0,0,0,0,0,0,1,0,0
0,0,0,0,0,0,0,0,1,0,0
0,0,0,0,0,0,0,0,1,0,0
0,0,0,0,0,0,0,0,1,0,0
0,0,0,0,0,0,0,0,1,0,0
0,0,0,0,0,0,0,0,1,0,0
0,0,0,0,0,0,0,0,1,0,0
0,0,0,0,0,0,0,0,1,0,0
0,0,0,0,0,0,0,0,1,0,0
0,0,0,0,0,0,0,0,1,0,0
0,0,0,0,0,0,0,0,1,0,0
0,0,0,0,0,0,0,0,1,0,0
0,0,0,0,0,0,0,0,1,0,0
0,0,0,0,0,0,0,0,1,0,0
0,0,0,0,0,0,0,0,1,0,0
0,0,0,0,0,0,0,0,1,0,0
0,0,0,0,0,0,0,0,1,0,0
0,0,0,0,0,0,0,0,1,0,0
0,0,0,0,0,0,0,0,1,0,0
0,0,0,0,0,0,0,0,1,0,0
0,0,0,0,0,0,0,0,1,0,0
0,0,0,0,0,0,0,0,1,0,0
0,0,0,0,0,0,0,0,1,0,0
0,0,0,0,0,0,0,0,1,0,0
0,0,0,0,0,0,0,0,1,0,0
0,0,0,0,0,0,0,0,1,0,0
0,0,0,0,0,0,0,0,1,0,0
0,0,0,0,0,0,0,0,1,0,0
0,0,0,0,0,0,0,0,1,0,0
0,0,0,0,0,0,0,0,1,0,0
0,0,0,0,0,0,0,0,1,0,0
0,0,0,0,0,0,0,0,1,0,0
0,0,0,0,0,0,0,0,1,0,0
0,0,0,0,0,0,0,0,1,0,0
0,0,0,0,0,0,0,0,1,0,0
0,0,0,0,0,0,0,0,1,0,0
0,0,0,0,0,0,0,0,1,0,0
0,0,0,0,0,0,0,0,1,0,0
0,0,0,0,0,0,0,0,1,0,0
0,0,0,0,0,0,0,0,1,0,0
0,0,0,0,0,0,0,0,1,0,0
0,0,0,0,0,0,0,0,1,0,0
0,0,0,0,0,0,0,0,1,0,0
0,0,0,0,0,0,0,0,1,0,0
0,0,0,0,0,0,0,0,1,0,0
0,0,0,0,0,0,0,0,1,0,0
0,0,0,0,0,0,0,0,1,0,0
0,0,0,0,0,0,0,0,1,0,0
0,0,0,0,0,0,0,0,1,0,0
0,0,0,0,0,0,0,0,1,0,0
0,0,0,0,0,0,0,0,1,0,0
0,0,0,0,0,0,0,0,1,0,0
0,0,0,0,0,0,0,0,1,0,0
0,0,0,0,0,0,0,0,0,1,0
0,0,0,0,0,0,0,0,0,1,0
0,0,0,0,0,0,0,0,0,1,0
0,0,0,0,0,0,0,0,0,1,0
0,0,0,0,0,0,0,0,0,1,0
0,0,0,0,0,0,0,0,0,1,0
0,0,0,0,0,0,0,0,0,1,0
0,0,0,0,0,0,0,0,0,1,0
0,0,0,0,0,0,0,0,0,1,0
0,0,0,0,0,0,0,0,0,1,0
0,0,0,0,0,0,0,0,0,1,0
0,0,0,0,0,0,0,0,0,1,0
0,0,0,0,0,0,0,0,0,1,0
0,0,0,0,0,0,0,0,0,1,0
0,0,0,0,0,0,0,0,0,1,0
0,0,0,0,0,0,0,0,0,1,0
0,0,0,0,0,0,0,0,0,1,0
0,0,0,0,0,0,0,0,0,1,0
0,0,0,0,0,0,0,0,0,1,0
0,0,0,0,0,0,0,0,0,1,0
0,0,0,0,0,0,0,0,0,1,0
0,0,0,0,0,0,0,0,0,1,0
0,0,0,0,0,0,0,0,0,1,0
0,0,0,0,0,0,0,0,0,1,0
0,0,0,0,0,0,0,0,0,1,0
0,0,0,0,0,0,0,0,0,1,0
0,0,0,0,0,0,0,0,0,1,0
0,0,0,0,0,0,0,0,0,1,0
0,0,0,0,0,0,0,0,0,1,0
0,0,0,0,0,0,0,0,0,1,0
0,0,0,0,0,0,0,0,0,1,0
0,0,0,0,0,0,0,0,0,1,0
0,0,0,0,0,0,0,0,0,1,0
0,0,0,0,0,0,0,0,0,1,0
0,0,0,0,0,0,0,0,0,1,0
0,0,0,0,0,0,0,0,0,1,0
0,0,0,0,0,0,0,0,0,1,0
0,0,0,0,0,0,0,0,0,1,0
0,0,0,0,0,0,0,0,0,1,0
0,0,0,0,0,0,0,0,0,1,0
0,0,0,0,0,0,0,0,0,1,0
0,0,0,0,0,0,0,0,0,1,0
0,0,0,0,0,0,0,0,0,1,0
0,0,0,0,0,0,0,0,0,1,0
0,0,0,0,0,0,0,0,0,1,0
0,0,0,0,0,0,0,0,0,1,0
0,0,0,0,0,0,0,0,0,1,0
0,0,0,0,0,0,0,0,0,1,0
0,0,0,0,0,0,0,0,0,1,0
0,0,0,0,0,0,0,0,0,1,0
0,0,0,0,0,0,0,0,0,1,0
0,0,0,0,0,0,0,0,0,1,0
0,0,0,0,0,0,0,0,0,1,0
0,0,0,0,0,0,0,0,0,1,0
0,0,0,0,0,0,0,0,0,1,0
0,0,0,0,0,0,0,0,0,1,0
0,0,0,0,0,0,0,0,0,1,0
0,0,0,0,0,0,0,0,0,1,0
0,0,0,0,0,0,0,0,0,1,0
0,0,0,0,0,0,0,0,0,1,0
0,0,0,0,0,0,0,0,0,1,0
0,0,0,0,0,0,0,0,0,1,0
0,0,0,0,0,0,0,0,0,1,0
0,0,0,0,0,0,0,0,0,1,0
0,0,0,0,0,0,0,0,0,1,0
0,0,0,0,0,0,0,0,0,1,0
0,0,0,0,0,0,0,0,0,1,0
0,0,0,0,0,0,0,0,0,1,0
0,0,0,0,0,0,0,0,0,1,0
0,0,0,0,0,0,0,0,0,1,0
0,0,0,0,0,0,0,0,0,1,0
0,0,0,0,0,0,0,0,0,1,0
0,0,0,0,0,0,0,0,0,1,0
0,0,0,0,0,0,0,0,0,1,0
0,0,0,0,0,0,0,0,0,1,0
0,0,0,0,0,0,0,0,0,1,0
0,0,0,0,0,0,0,0,0,1,0
0,0,0,0,0,0,0,0,0,1,0
0,0,0,0,0,0,0,0,0,1,0
0,0,0,0,0,0,0,0,0,1,0
0,0,0,0,0,0,0,0,0,1,0
0,0,0,0,0,0,0,0,0,1,0
0,0,0,0,0,0,0,0,0,1,0
0,0,0,0,0,0,0,0,0,1,0
0,0,0,0,0,0,0,0,0,1,0
0,0,0,0,0,0,0,0,0,1,0
0,0,0,0,0,0,0,0,0,1,0
0,0,0,0,0,0,0,0,0,1,0
0,0,0,0,0,0,0,0,0,1,0
0,0,0,0,0,0,0,0,0,1,0
0,0,0,0,0,0,0,0,0,1,0
0,0,0,0,0,0,0,0,0,1,0
0,0,0,0,0,0,0,0,0,1,0
0,0,0,0,0,0,0,0,0,1,0
0,0,0,0,0,0,0,0,0,1,0
0,0,0,0,0,0,0,0,0,1,0
0,0,0,0,0,0,0,0,0,1,0
0,0,0,0,0,0,0,0,0,1,0
0,0,0,0,0,0,0,0,0,1,0
0,0,0,0,0,0,0,0,0,1,0
0,0,0,0,0,0,0,0,0,0,1
0,0,0,0,0,0,0,0,0,0,1
0,0,0,0,0,0,0,0,0,0,1
0,0,0,0,0,0,0,0,0,0,1
0,0,0,0,0,0,0,0,0,0,1
0,0,0,0,0,0,0,0,0,0,1
0,0,0,0,0,0,0,0,0,0,1
0,0,0,0,0,0,0,0,0,0,1
0,0,0,0,0,0,0,0,0,0,1
0,0,0,0,0,0,0,0,0,0,1
0,0,0,0,0,0,0,0,0,0,1
0,0,0,0,0,0,0,0,0,0,1
0,0,0,0,0,0,0,0,0,0,1
0,0,0,0,0,0,0,0,0,0,1
0,0,0,0,0,0,0,0,0,0,1
0,0,0,0,0,0,0,0,0,0,1
0,0,0,0,0,0,0,0,0,0,1
0,0,0,0,0,0,0,0,0,0,1
0,0,0,0,0,0,0,0,0,0,1
0,0,0,0,0,0,0,0,0,0,1
0,0,0,0,0,0,0,0,0,0,1
0,0,0,0,0,0,0,0,0,0,1
0,0,0,0,0,0,0,0,0,0,1
0,0,0,0,0,0,0,0,0,0,1
0,0,0,0,0,0,0,0,0,0,1
0,0,0,0,0,0,0,0,0,0,1
0,0,0,0,0,0,0,0,0,0,1
0,0,0,0,0,0,0,0,0,0,1
0,0,0,0,0,0,0,0,0,0,1
0,0,0,0,0,0,0,0,0,0,1
0,0,0,0,0,0,0,0,0,0,1
0,0,0,0,0,0,0,0,0,0,1
0,0,0,0,0,0,0,0,0,0,1
0,0,0,0,0,0,0,0,0,0,1
0,0,0,0,0,0,0,0,0,0,1
0,0,0,0,0,0,0,0,0,0,1
0,0,0,0,0,0,0,0,0,0,1
0,0,0,0,0,0,0,0,0,0,1
0,0,0,0,0,0,0,0,0,0,1
0,0,0,0,0,0,0,0,0,0,1
0,0,0,0,0,0,0,0,0,0,1
0,0,0,0,0,0,0,0,0,0,1
0,0,0,0,0,0,0,0,0,0,1
0,0,0,0,0,0,0,0,0,0,1
0,0,0,0,0,0,0,0,0,0,1
0,0,0,0,0,0,0,0,0,0,1
0,0,0,0,0,0,0,0,0,0,1
0,0,0,0,0,0,0,0,0,0,1
0,0,0,0,0,0,0,0,0,0,1
0,0,0,0,0,0,0,0,0,0,1
0,0,0,0,0,0,0,0,0,0,1
0,0,0,0,0,0,0,0,0,0,1
0,0,0,0,0,0,0,0,0,0,1
0,0,0,0,0,0,0,0,0,0,1
0,0,0,0,0,0,0,0,0,0,1
0,0,0,0,0,0,0,0,0,0,1
0,0,0,0,0,0,0,0,0,0,1
0,0,0,0,0,0,0,0,0,0,1
0,0,0,0,0,0,0,0,0,0,1
0,0,0,0,0,0,0,0,0,0,1
0,0,0,0,0,0,0,0,0,0,1
0,0,0,0,0,0,0,0,0,0,1
0,0,0,0,0,0,0,0,0,0,1
0,0,0,0,0,0,0,0,0,0,1
0,0,0,0,0,0,0,0,0,0,1
0,0,0,0,0,0,0,0,0,0,1
0,0,0,0,0,0,0,0,0,0,1
0,0,0,0,0,0,0,0,0,0,1
0,0,0,0,0,0,0,0,0,0,1
0,0,0,0,0,0,0,0,0,0,1
0,0,0,0,0,0,0,0,0,0,1
0,0,0,0,0,0,0,0,0,0,1
0,0,0,0,0,0,0,0,0,0,1
0,0,0,0,0,0,0,0,0,0,1
0,0,0,0,0,0,0,0,0,0,1
0,0,0,0,0,0,0,0,0,0,1
0,0,0,0,0,0,0,0,0,0,1
0,0,0,0,0,0,0,0,0,0,1
0,0,0,0,0,0,0,0,0,0,1
0,0,0,0,0,0,0,0,0,0,1
0,0,0,0,0,0,0,0,0,0,1
0,0,0,0,0,0,0,0,0,0,1
0,0,0,0,0,0,0,0,0,0,1
0,0,0,0,0,0,0,0,0,0,1
0,0,0,0,0,0,0,0,0,0,1
0,0,0,0,0,0,0,0,0,0,1
0,0,0,0,0,0,0,0,0,0,1
0,0,0,0,0,0,0,0,0,0,1
0,0,0,0,0,0,0,0,0,0,1
0,0,0,0,0,0,0,0,0,0,1
0,0,0,0,0,0,0,0,0,0,1
0,0,0,0,0,0,0,0,0,0,1
0,0,0,0,0,0,0,0,0,0,1
0,0,0,0,0,0,0,0,0,0,1
0,0,0,0,0,0,0,0,0,0,1
0,0,0,0,0,0,0,0,0,0,1
0,0,0,0,0,0,0,0,0,0,1
0,0,0,0,0,0,0,0,0,0,1
0,0,0,0,0,0,0,0,0,0,1
0,0,0,0,0,0,0,0,0,0,1
