9
0
0
3
0
0
1
108,1
2.72
-18.49
6.76
101.19
-47.02
55.28
1.34
-11.94
2.09
48.44
7.34
-36.16
11.72
46.35
-79.48
-10.58
-39.00
-24.17
-35.11
-16.06
6.50
-39.32
33.03
12.16
-80.98
45.53
55.96
-4.07
-8.63
-1.22
7.26
3.40
1.20
-6.47
-3.57
-3.72
-9.05
-66.76
-2.44
37.38
15.25
5.84
-6.86
-23.50
-23.45
-0.93
-4.18
-0.66
-0.38
1.63
-0.72
-1.49
-1.53
-2.64
-1.23
-13.90
-1.89
-18.91
-7.51
-8.90
38.91
55.35
84.48
3.66
49.07
-0.80
-10.75
-4.83
-7.57
3.11
3.52
57.88
-0.68
-2.90
-0.58
-5.73
-6.66
-9.05
4.90
15.99
12.59
-0.54
2.77
-0.70
-4.87
-4.25
-7.92
-4.02
-10.30
-25.66
1.19
17.06
0.03
-4.07
-4.99
-8.06
-6.70
-4.05
-6.72
0.35
29.62
-0.59
-10.06
-12.36
-13.09
-18.52
-10.31
-28.91
0,0
